-0.946751	-0.121328	-0.374396
-0.946751	-0.121328	-0.374396
-0.946751	-0.121328	-0.374396
-0.946751	-0.121328	-0.374396
-0.946751	-0.121328	-0.374396
-0.961296	-0.100966	-0.376335
-0.961296	-0.100966	-0.376335
-0.961296	-0.100966	-0.376335
-0.961296	-0.100966	-0.376335
-0.961296	-0.100966	-0.376335
-0.961296	-0.100966	-0.376335
-0.930267	-0.117935	-0.36276
-0.930267	-0.117935	-0.36276
-0.930267	-0.117935	-0.36276
-0.930267	-0.117935	-0.36276
-0.930267	-0.117935	-0.36276
-0.930267	-0.117935	-0.36276
-0.914753	-0.0772092	-0.368093
-0.914753	-0.0772092	-0.368093
-0.914753	-0.0772092	-0.368093
-0.914753	-0.0772092	-0.368093
-0.914753	-0.0772092	-0.368093
-0.884209	-0.173205	-0.419485
-0.884209	-0.173205	-0.419485
-0.884209	-0.173205	-0.419485
-0.884209	-0.173205	-0.419485
-0.884209	-0.173205	-0.419485
-0.884209	-0.173205	-0.419485
-0.86821	-0.15769	-0.45924
-0.86821	-0.15769	-0.45924
-0.86821	-0.15769	-0.45924
-0.86821	-0.15769	-0.45924
-0.86821	-0.15769	-0.45924
-0.86821	-0.15769	-0.45924
-0.996688	-0.0287267	-0.265795
-0.996688	-0.0287267	-0.265795
-0.996688	-0.0287267	-0.265795
-0.996688	-0.0287267	-0.265795
-0.996688	-0.0287267	-0.265795
-0.938994	-0.206173	-0.295369
-0.938994	-0.206173	-0.295369
-0.938994	-0.206173	-0.295369
-0.938994	-0.206173	-0.295369
-0.938994	-0.206173	-0.295369
-0.975356	-0.189204	-0.369063
-0.819242	-0.0621796	-0.385062
-0.819242	-0.0621796	-0.385062
-0.819242	-0.0621796	-0.385062
-0.819242	-0.0621796	-0.385062
-0.819242	-0.0621796	-0.385062
-0.819242	-0.0621796	-0.385062
-0.869664	-0.097087	-0.411243
-0.869664	-0.097087	-0.411243
-0.869664	-0.097087	-0.411243
-0.869664	-0.097087	-0.411243
-0.869664	-0.097087	-0.411243
-0.954024	-0.0495742	-0.291006
-0.954024	-0.0495742	-0.291006
-0.954024	-0.0495742	-0.291006
-0.954024	-0.0495742	-0.291006
-0.954024	-0.0495742	-0.291006
-0.954024	-0.0495742	-0.291006

-0.934146	0.0318764	-0.330762
-0.934146	0.0318764	-0.330762
-0.934146	0.0318764	-0.330762
-0.934146	0.0318764	-0.330762
-0.934146	0.0318764	-0.330762
-0.934146	0.0318764	-0.330762
-0.986022	-0.0709065	-0.317187
-0.986022	-0.0709065	-0.317187
-0.986022	-0.0709065	-0.317187
-0.986022	-0.0709065	-0.317187
-0.986022	-0.0709065	-0.317187
-0.986022	-0.0709065	-0.317187
-0.93754	-0.030666	-0.302157
-0.93754	-0.030666	-0.302157
-0.93754	-0.030666	-0.302157
-0.93754	-0.030666	-0.302157
-0.93754	-0.030666	-0.302157
-0.975356	-0.0762396	-0.260947
-0.975356	-0.0762396	-0.260947
-0.975356	-0.0762396	-0.260947
-0.975356	-0.0762396	-0.260947
-0.975356	-0.0762396	-0.260947
-0.975356	-0.0762396	-0.260947
-0.942388	-0.0374536	-0.379729
-0.942388	-0.0374536	-0.379729
-0.942388	-0.0374536	-0.379729
-0.942388	-0.0374536	-0.379729
-0.942388	-0.0374536	-0.379729
-0.942388	-0.0374536	-0.379729
-0.904571	-0.119389	-0.32155
-0.904571	-0.119389	-0.32155
-0.904571	-0.119389	-0.32155
-0.904571	-0.119389	-0.32155
-0.904571	-0.119389	-0.32155
-0.904571	-0.119389	-0.32155
-0.792092	-0.00836408	-0.29246
-0.792092	-0.00836408	-0.29246
-0.792092	-0.00836408	-0.29246
-0.792092	-0.00836408	-0.29246
-0.792092	-0.00836408	-0.29246
-0.861422	-0.174659	-0.250766
-0.861422	-0.174659	-0.250766
-0.861422	-0.174659	-0.250766
-0.861422	-0.174659	-0.250766
-0.861422	-0.174659	-0.250766
-0.863846	-0.226535	-0.218767
-0.981659	-0.0243633	-0.236706
-0.981659	-0.0243633	-0.236706
-0.981659	-0.0243633	-0.236706
-0.981659	-0.0243633	-0.236706
-0.981659	-0.0243633	-0.236706
-0.981659	-0.0243633	-0.236706
-0.884694	-0.174659	-0.352094
-0.884694	-0.174659	-0.352094
-0.884694	-0.174659	-0.352094
-0.884694	-0.174659	-0.352094
-0.884694	-0.174659	-0.352094

-0.948691	-0.0510287	-0.271613
-0.948691	-0.0510287	-0.271613
-0.948691	-0.0510287	-0.271613
-0.948691	-0.0510287	-0.271613
-0.948691	-0.0510287	-0.271613
-0.954024	-0.0209695	-0.280825
-0.954024	-0.0209695	-0.280825
-0.954024	-0.0209695	-0.280825
-0.929782	-0.0151516	-0.263371
-0.929782	-0.0151516	-0.263371
-0.929782	-0.0151516	-0.263371
-0.985052	-0.0791485	-0.219737
-0.985052	-0.0791485	-0.219737
-0.985052	-0.0791485	-0.219737
-0.985052	-0.0791485	-0.219737
-0.985052	-0.0791485	-0.219737
-0.985052	-0.0791485	-0.219737
-1.08396	-0.0103034	-0.374396
-1.08396	-0.0103034	-0.374396
-1.08396	-0.0103034	-0.374396
-1.08396	-0.0103034	-0.374396
-1.08396	-0.0103034	-0.374396
-0.970023	0.0333309	-0.406879
-0.970023	0.0333309	-0.406879
-0.970023	0.0333309	-0.406879
-0.970023	0.0333309	-0.406879
-0.970023	0.0333309	-0.406879
-0.970023	0.0333309	-0.406879
-0.997173	-0.0161213	-0.383123
-0.997173	-0.0161213	-0.383123
-0.997173	-0.0161213	-0.383123
-0.997173	-0.0161213	-0.383123
-0.997173	-0.0161213	-0.383123
-0.997173	-0.0161213	-0.383123
-1.01026	0.0629052	-0.278885
-1.01026	0.0629052	-0.278885
-1.01026	0.0629052	-0.278885
-1.01026	0.0629052	-0.278885
-1.01026	0.0629052	-0.278885
-1.01026	0.0629052	-0.278885
-1.06505	-0.0272722	-0.312338
-1.06505	-0.0272722	-0.312338
-1.06505	-0.0272722	-0.312338
-1.06505	-0.0272722	-0.312338
-1.06505	-0.0272722	-0.312338
-1.06505	-0.0272722	-0.312338
-0.910874	0.0221799	-0.371972
-0.910874	0.0221799	-0.371972
-0.910874	0.0221799	-0.371972
-0.910874	0.0221799	-0.371972
-0.910874	0.0221799	-0.371972
-1.03741	-0.0292115	-0.384577
-1.03741	-0.0292115	-0.384577
-1.03741	-0.0292115	-0.384577
-1.03741	-0.0292115	-0.384577
-1.03741	-0.0292115	-0.384577
-1.03741	-0.0292115	-0.384577
-0.829908	-0.0767244	-0.198404
-0.829908	-0.0767244	-0.198404

-0.904571	-0.00157653	-0.108227
-0.904571	-0.00157653	-0.108227
-0.904571	-0.00157653	-0.108227
-0.904571	-0.00157653	-0.108227
-0.950145	-0.205688	-0.142165
-0.950145	-0.205688	-0.142165
-0.950145	-0.205688	-0.142165
-0.950145	-0.205688	-0.142165
-0.950145	-0.205688	-0.142165
-0.950145	-0.205688	-0.142165
-1.01026	-0.0830271	-0.312823
-1.01026	-0.0830271	-0.312823
-1.01026	-0.0830271	-0.312823
-1.01026	-0.0830271	-0.312823
-1.01026	-0.0830271	-0.312823
-1.01026	-0.0830271	-0.312823
-0.974871	-0.196961	-0.339489
-0.974871	-0.196961	-0.339489
-0.974871	-0.196961	-0.339489
-0.974871	-0.196961	-0.339489
-0.974871	-0.196961	-0.339489
-0.974871	-0.196961	-0.339489
-1.16395	-0.0772092	-0.136347
-1.16395	-0.0772092	-0.136347
-1.16395	-0.0772092	-0.136347
-1.16395	-0.0772092	-0.136347
-1.16395	-0.0772092	-0.136347
-1.16395	-0.0772092	-0.136347
-0.945782	-0.277442	-0.292945
-0.945782	-0.277442	-0.292945
-0.945782	-0.277442	-0.292945
-0.945782	-0.277442	-0.292945
-0.945782	-0.277442	-0.292945
-0.945782	-0.277442	-0.292945
-0.955963	-0.0835119	-0.300703
-0.955963	-0.0835119	-0.300703
-0.955963	-0.0835119	-0.300703
-0.955963	-0.0835119	-0.300703
-0.955963	-0.0835119	-0.300703
-0.955963	-0.0835119	-0.300703
-0.859968	-0.209566	-0.321065
-0.859968	-0.209566	-0.321065
-0.859968	-0.209566	-0.321065
-0.859968	-0.209566	-0.321065
-0.859968	-0.209566	-0.321065
-0.859968	-0.209566	-0.321065
-1.04275	-0.169811	-0.150407
-1.04275	-0.169811	-0.150407
-1.04275	-0.169811	-0.150407
-1.04275	-0.169811	-0.150407
-1.04275	-0.169811	-0.150407
-1.04275	-0.169811	-0.150407
-0.884209	-0.275987	-0.228464
-0.884209	-0.275987	-0.228464
-0.884209	-0.275987	-0.228464
-0.884209	-0.275987	-0.228464
-0.884209	-0.275987	-0.228464
-0.884209	-0.275987	-0.228464

-1.06069	-0.168841	-0.443726
-1.06069	-0.168841	-0.443726
-1.06069	-0.168841	-0.443726
-1.06069	-0.168841	-0.443726
-1.06069	-0.168841	-0.443726
-0.945297	-0.149448	-0.353064
-0.945297	-0.149448	-0.353064
-0.821666	-0.174174	-0.46021
-0.821666	-0.174174	-0.46021
-0.821666	-0.174174	-0.46021
-0.821666	-0.174174	-0.46021
-0.821666	-0.174174	-0.46021
-0.821666	-0.174174	-0.46021
-0.835241	-0.342893	-0.353064
-0.835241	-0.342893	-0.353064
-0.835241	-0.342893	-0.353064
-0.835241	-0.342893	-0.353064
-0.835241	-0.342893	-0.353064
-0.835241	-0.342893	-0.353064
-0.816818	-0.436465	-0.355973
-0.816818	-0.436465	-0.355973
-0.816818	-0.436465	-0.355973
-0.816818	-0.436465	-0.355973
-0.816818	-0.436465	-0.355973
-0.816818	-0.436465	-0.355973
-1.00929	-0.381194	-0.416576
-1.00929	-0.381194	-0.416576
-1.00929	-0.381194	-0.416576
-1.00929	-0.381194	-0.416576
-1.00929	-0.381194	-0.416576
-1.00929	-0.381194	-0.416576
-1.00929	-0.381194	-0.416576
-0.7567	-0.236717	-0.442271
-0.7567	-0.236717	-0.442271
-0.7567	-0.236717	-0.442271
-0.7567	-0.236717	-0.442271
-0.7567	-0.236717	-0.442271
-0.7567	-0.236717	-0.442271
-1.05972	-0.21393	-0.409303
-1.05972	-0.21393	-0.409303
-1.05972	-0.21393	-0.409303
-1.05972	-0.21393	-0.409303
-1.05972	-0.21393	-0.409303
-1.05972	-0.21393	-0.409303
-0.786274	-0.368104	-0.338519
-0.786274	-0.368104	-0.338519
-0.786274	-0.368104	-0.338519
-0.786274	-0.368104	-0.338519
-0.786274	-0.368104	-0.338519
-0.786274	-0.368104	-0.338519
-0.958387	-0.302653	-0.369063
-0.958387	-0.302653	-0.369063
-0.958387	-0.302653	-0.369063
-0.958387	-0.302653	-0.369063
-0.958387	-0.302653	-0.369063

-1.0699	-0.296835	-0.399122
-1.0699	-0.296835	-0.399122
-1.0699	-0.296835	-0.399122
-1.0699	-0.296835	-0.399122
-1.0699	-0.296835	-0.399122
-0.810515	-0.235747	-0.347731
-0.810515	-0.235747	-0.347731
-0.810515	-0.235747	-0.347731
-0.810515	-0.235747	-0.347731
-0.810515	-0.235747	-0.347731
-0.810515	-0.235747	-0.347731
-0.948691	-0.301683	-0.427727
-0.948691	-0.301683	-0.427727
-0.948691	-0.301683	-0.427727
-0.948691	-0.301683	-0.427727
-0.948691	-0.301683	-0.427727
-0.948691	-0.301683	-0.427727
-0.842999	-0.204718	-0.267734
-0.842999	-0.204718	-0.267734
-0.842999	-0.204718	-0.267734
-0.842999	-0.204718	-0.267734
-0.842999	-0.204718	-0.267734
-0.842999	-0.204718	-0.267734
-1.01608	-0.332227	-0.325913
-1.01608	-0.332227	-0.325913
-1.01608	-0.332227	-0.325913
-1.01608	-0.332227	-0.325913
-1.01608	-0.332227	-0.325913
-1.01608	-0.332227	-0.325913
-0.816333	-0.173205	-0.419
-0.816333	-0.173205	-0.419
-0.816333	-0.173205	-0.419
-0.816333	-0.173205	-0.419
-0.816333	-0.173205	-0.419
-0.816333	-0.173205	-0.419
-0.961296	-0.326894	-0.44518
-0.961296	-0.326894	-0.44518
-0.961296	-0.326894	-0.44518
-0.961296	-0.326894	-0.44518
-0.961296	-0.326894	-0.44518
-0.961296	-0.326894	-0.44518
-0.904571	-0.301683	-0.26628
-0.904571	-0.301683	-0.26628
-0.904571	-0.301683	-0.26628
-0.904571	-0.301683	-0.26628
-0.904571	-0.301683	-0.26628
-0.904571	-0.301683	-0.26628
-0.922995	-0.382649	-0.345791
-0.922995	-0.382649	-0.345791
-0.922995	-0.382649	-0.345791
-0.922995	-0.382649	-0.345791
-0.922995	-0.382649	-0.345791
-0.922995	-0.382649	-0.345791
-0.887118	-0.232353	-0.451968
-0.887118	-0.232353	-0.451968
-0.887118	-0.232353	-0.451968
-0.887118	-0.232353	-0.451968
-0.887118	-0.232353	-0.451968
-0.887118	-0.232353	-0.451968

-0.779487	-0.459251	-0.212464
-0.779487	-0.459251	-0.212464
-0.779487	-0.459251	-0.212464
-0.779487	-0.459251	-0.212464
-0.836211	-0.335136	0.0362508
-0.836211	-0.335136	0.0362508
-1.02335	-0.224111	-0.355973
-1.02335	-0.224111	-0.355973
-1.02335	-0.224111	-0.355973
-1.02335	-0.224111	-0.355973
-1.02335	-0.224111	-0.355973
-1.02335	-0.224111	-0.355973
-0.739246	-0.320591	-0.324944
-0.739246	-0.320591	-0.324944
-0.739246	-0.320591	-0.324944
-0.739246	-0.320591	-0.324944
-0.739246	-0.320591	-0.324944
-0.739246	-0.320591	-0.324944
-1.09996	-0.443737	-0.369548
-1.09996	-0.443737	-0.369548
-1.09996	-0.443737	-0.369548
-1.09996	-0.443737	-0.369548
-1.09996	-0.443737	-0.369548
-0.827484	-0.260473	-0.173678
-0.827484	-0.260473	-0.173678
-0.827484	-0.260473	-0.173678
-0.827484	-0.260473	-0.173678
-0.827484	-0.260473	-0.173678
-0.827484	-0.260473	-0.173678
-0.827484	-0.260473	-0.173678
-1.14892	-0.187749	-0.466513
-1.14892	-0.187749	-0.466513
-1.14892	-0.187749	-0.466513
-1.14892	-0.187749	-0.466513
-1.14892	-0.187749	-0.466513
-1.14892	-0.187749	-0.466513
-0.842999	-0.236717	-0.357427
-0.842999	-0.236717	-0.357427
-0.842999	-0.236717	-0.357427
-0.842999	-0.236717	-0.357427
-0.842999	-0.236717	-0.357427
-0.842999	-0.236717	-0.357427
-0.970508	-0.333197	-0.32252
-0.970508	-0.333197	-0.32252
-0.970508	-0.333197	-0.32252
-0.970508	-0.333197	-0.32252
-0.970508	-0.333197	-0.32252
-0.970508	-0.333197	-0.32252
-0.940933	-0.292472	-0.176103
-0.940933	-0.292472	-0.176103
-0.940933	-0.292472	-0.176103
-0.940933	-0.292472	-0.176103
-0.940933	-0.292472	-0.176103
-0.940933	-0.292472	-0.176103
-1.06844	-0.299744	-0.363245
-1.06844	-0.299744	-0.363245
-1.06844	-0.299744	-0.363245
-1.06844	-0.299744	-0.363245
-1.06844	-0.299744	-0.363245
-1.06844	-0.299744	-0.363245

-1.1019	-0.179992	-0.332701
-1.1019	-0.179992	-0.332701
-0.899238	-0.266291	-0.200829
-0.899238	-0.266291	-0.200829
-0.899238	-0.266291	-0.200829
-0.899238	-0.266291	-0.200829
-0.974871	-0.218293	-0.180951
-0.974871	-0.218293	-0.180951
-0.982143	-0.136843	-0.270643
-0.982143	-0.136843	-0.270643
-0.982143	-0.136843	-0.270643
-0.982143	-0.136843	-0.270643
-0.982143	-0.136843	-0.270643
-0.982143	-0.136843	-0.270643
-0.982143	-0.136843	-0.270643
-0.973901	-0.15769	-0.286158
-0.973901	-0.15769	-0.286158
-0.973901	-0.15769	-0.286158
-0.973901	-0.15769	-0.286158
-0.973901	-0.15769	-0.286158
-0.973901	-0.15769	-0.286158
-0.877906	-0.0486045	-0.162527
-0.877906	-0.0486045	-0.162527
-0.877906	-0.0486045	-0.162527
-0.877906	-0.0486045	-0.162527
-0.877906	-0.0486045	-0.162527
-0.877906	-0.0486045	-0.162527
-0.877906	-0.0486045	-0.162527
-0.938024	-0.299259	-0.162043
-0.938024	-0.299259	-0.162043
-0.938024	-0.299259	-0.162043
-0.938024	-0.299259	-0.162043
-0.938024	-0.299259	-0.162043
-0.938024	-0.299259	-0.162043
-0.884209	-0.0408473	-0.350155
-0.884209	-0.0408473	-0.350155
-0.884209	-0.0408473	-0.350155
-0.884209	-0.0408473	-0.350155
-0.884209	-0.0408473	-0.350155
-0.884209	-0.0408473	-0.350155
-0.884209	-0.0408473	-0.350155
-1.01317	-0.187749	-0.381668
-1.01317	-0.187749	-0.381668
-1.01317	-0.187749	-0.381668
-1.01317	-0.187749	-0.381668
-1.01317	-0.187749	-0.381668
-1.03693	-0.266291	-0.334155
-0.775123	-0.376346	-0.337064
-0.775123	-0.376346	-0.337064
-0.775123	-0.376346	-0.337064
-0.775123	-0.376346	-0.337064
-0.775123	-0.376346	-0.337064
-0.775123	-0.376346	-0.337064
-0.775123	-0.376346	-0.337064

-1.01317	-0.195022	-0.392334
-1.01317	-0.195022	-0.392334
-1.01317	-0.195022	-0.392334
-1.01317	-0.195022	-0.392334
-1.01317	-0.195022	-0.392334
-0.892451	-0.0107882	-0.447604
-0.892451	-0.0107882	-0.447604
-0.892451	-0.0107882	-0.447604
-0.892451	-0.0107882	-0.447604
-0.892451	-0.0107882	-0.447604
-0.892451	-0.0107882	-0.447604
-1.02529	-0.114056	-0.416576
-1.02529	-0.114056	-0.416576
-1.02529	-0.114056	-0.416576
-1.02529	-0.114056	-0.416576
-1.02529	-0.114056	-0.416576
-1.02529	-0.114056	-0.416576
-1.02529	-0.114056	-0.416576
-0.919601	-0.163993	-0.235251
-0.919601	-0.163993	-0.235251
-0.919601	-0.163993	-0.235251
-0.919601	-0.163993	-0.235251
-0.919601	-0.163993	-0.235251
-0.919601	-0.163993	-0.235251
-0.996203	-0.147024	-0.348215
-0.996203	-0.147024	-0.348215
-0.996203	-0.147024	-0.348215
-0.996203	-0.147024	-0.348215
-0.996203	-0.147024	-0.348215
-0.996203	-0.147024	-0.348215
-0.837666	-0.0878754	-0.257068
-0.837666	-0.0878754	-0.257068
-0.837666	-0.0878754	-0.257068
-0.837666	-0.0878754	-0.257068
-0.837666	-0.0878754	-0.257068
-0.837666	-0.0878754	-0.257068
-1.07523	-0.134419	-0.394274
-1.07523	-0.134419	-0.394274
-1.07523	-0.134419	-0.394274
-1.07523	-0.134419	-0.394274
-1.07523	-0.134419	-0.394274
-1.07523	-0.134419	-0.394274
-0.852695	-0.155751	-0.195496
-0.852695	-0.155751	-0.195496
-0.852695	-0.155751	-0.195496
-0.852695	-0.155751	-0.195496
-0.852695	-0.155751	-0.195496
-0.852695	-0.155751	-0.195496
-1.13147	-0.0869057	-0.353064
-1.13147	-0.0869057	-0.353064
-1.13147	-0.0869057	-0.353064
-1.13147	-0.0869057	-0.353064
-1.13147	-0.0869057	-0.353064
-1.13147	-0.0869057	-0.353064
-1.04759	-0.0699368	-0.360821
-0.723247	-0.146539	-0.281794
-0.753791	-0.165447	-0.401546
-0.753791	-0.165447	-0.401546
-0.753791	-0.165447	-0.401546
-0.753791	-0.165447	-0.401546
-0.753791	-0.165447	-0.401546

-0.970023	-0.041817	-0.334155
-0.970023	-0.041817	-0.334155
-0.970023	-0.041817	-0.334155
-0.970023	-0.041817	-0.334155
-0.970023	-0.041817	-0.334155
-0.970023	-0.041817	-0.334155
-0.998628	0.0711472	-0.167376
-0.998628	0.0711472	-0.167376
-0.998628	0.0711472	-0.167376
-0.998628	0.0711472	-0.167376
-0.998628	0.0711472	-0.167376
-0.998628	0.0711472	-0.167376
-0.998628	0.0711472	-0.167376
-0.987961	-0.126177	-0.214404
-0.987961	-0.126177	-0.214404
-0.987961	-0.126177	-0.214404
-0.987961	-0.126177	-0.214404
-0.987961	-0.126177	-0.214404
-0.987961	-0.126177	-0.214404
-0.987961	-0.126177	-0.214404
-0.876452	0.180718	-0.262401
-0.876452	0.180718	-0.262401
-0.876452	0.180718	-0.262401
-0.876452	0.180718	-0.262401
-0.876452	0.180718	-0.262401
-0.876452	0.180718	-0.262401
-0.876452	0.180718	-0.262401
-1.01269	-0.0180606	-0.209555
-1.01269	-0.0180606	-0.209555
-1.01269	-0.0180606	-0.209555
-1.01269	-0.0180606	-0.209555
-1.01269	-0.0180606	-0.209555
-1.01269	-0.0180606	-0.209555
-0.970508	0.0570873	-0.122287
-0.910874	-0.0704217	-0.163012
-0.910874	-0.0704217	-0.163012
-0.910874	-0.0704217	-0.163012
-0.910874	-0.0704217	-0.163012
-0.910874	-0.0704217	-0.163012
-0.910874	-0.0704217	-0.163012
-1.03887	-0.050059	-0.209071
-1.03887	-0.050059	-0.209071
-1.03887	-0.050059	-0.209071
-1.03887	-0.050059	-0.209071
-1.03887	-0.050059	-0.209071
-1.03887	-0.050059	-0.209071
-1.03887	-0.050059	-0.209071
-0.88033	0.139508	-0.296824
-0.88033	0.139508	-0.296824
-0.88033	0.139508	-0.296824
-0.88033	0.139508	-0.296824
-0.88033	0.139508	-0.296824
-0.88033	0.139508	-0.296824

-0.81197	0.0507846	-0.0456846
-0.81197	0.0507846	-0.0456846
-0.81197	0.0507846	-0.0456846
-0.81197	0.0507846	-0.0456846
-0.81197	0.0507846	-0.0456846
-0.81197	0.0507846	-0.0456846
-0.81197	0.0507846	-0.0456846
-0.923964	-0.0883602	-0.127135
-0.923964	-0.0883602	-0.127135
-0.923964	-0.0883602	-0.127135
-0.923964	-0.0883602	-0.127135
-0.923964	-0.0883602	-0.127135
-0.923964	-0.0883602	-0.127135
-0.923964	-0.0883602	-0.127135
-0.975356	0.043997	-0.160103
-0.975356	0.043997	-0.160103
-0.975356	0.043997	-0.160103
-0.975356	0.043997	-0.160103
-0.975356	0.043997	-0.160103
-0.975356	0.043997	-0.160103
-0.9516	0.0580569	-0.143134
-0.9516	0.0580569	-0.143134
-0.9516	0.0580569	-0.143134
-0.9516	0.0580569	-0.143134
-0.9516	0.0580569	-0.143134
-0.9516	0.0580569	-0.143134
-0.9516	0.0580569	-0.143134
-0.9516	0.0580569	-0.143134
-0.841059	0.162779	-0.143134
-0.841059	0.162779	-0.143134
-0.841059	0.162779	-0.143134
-0.841059	0.162779	-0.143134
-0.841059	0.162779	-0.143134
-0.841059	0.162779	-0.143134
-0.953539	-0.0689672	-0.0708955
-0.953539	-0.0689672	-0.0708955
-0.953539	-0.0689672	-0.0708955
-0.953539	-0.0689672	-0.0708955
-0.953539	-0.0689672	-0.0708955
-0.953539	-0.0689672	-0.0708955
-0.953539	-0.0689672	-0.0708955
-1.18577	0.00569585	-0.103379
-1.18577	0.00569585	-0.103379
-1.18577	0.00569585	-0.103379
-1.18577	0.00569585	-0.103379
-1.18577	0.00569585	-0.103379
-1.18577	0.00569585	-0.103379
-1.18577	0.00569585	-0.103379
-0.956448	0.0362398	-0.126166
-0.956448	0.0362398	-0.126166
-0.956448	0.0362398	-0.126166
-0.956448	0.0362398	-0.126166
-0.956448	0.0362398	-0.126166
-0.956448	0.0362398	-0.126166
-0.956448	0.0362398	-0.126166
-1.17171	-0.030666	-0.207131

-0.95063	0.0221799	-0.12859
-0.95063	0.0221799	-0.12859
-0.95063	0.0221799	-0.12859
-0.95063	0.0221799	-0.12859
-1.27837	-0.0190302	-0.139256
-1.27837	-0.0190302	-0.139256
-1.27837	-0.0190302	-0.139256
-1.27837	-0.0190302	-0.139256
-1.27837	-0.0190302	-0.139256
-1.27837	-0.0190302	-0.139256
-1.27837	-0.0190302	-0.139256
-1.14456	-0.0796333	0.0158882
-1.14456	-0.0796333	0.0158882
-1.14456	-0.0796333	0.0158882
-1.14456	-0.0796333	0.0158882
-1.14456	-0.0796333	0.0158882
-1.14456	-0.0796333	0.0158882
-1.14456	-0.0796333	0.0158882
-1.0345	-0.160599	-0.217313
-1.0345	-0.160599	-0.217313
-1.0345	-0.160599	-0.217313
-1.0345	-0.160599	-0.217313
-1.0345	-0.160599	-0.217313
-1.13195	-0.0374536	-0.290036
-0.811485	0.21514	-0.450029
-0.811485	0.21514	-0.450029
-0.811485	0.21514	-0.450029
-0.811485	0.21514	-0.450029
-0.811485	0.21514	-0.450029
-0.811485	0.21514	-0.450029
-0.811485	0.21514	-0.450029
-0.834272	0.0265433	-0.581901
-0.834272	0.0265433	-0.581901
-0.834272	0.0265433	-0.581901
-0.834272	0.0265433	-0.581901
-0.834272	0.0265433	-0.581901
-0.834272	0.0265433	-0.581901
-0.97875	0.133205	-0.28034
-0.97875	0.133205	-0.28034
-0.97875	0.133205	-0.28034
-0.97875	0.133205	-0.28034
-0.97875	0.133205	-0.28034
-0.97875	0.133205	-0.28034
-0.97875	0.133205	-0.28034
-0.903602	-0.0932084	-0.346761
-0.903602	-0.0932084	-0.346761
-0.903602	-0.0932084	-0.346761
-0.903602	-0.0932084	-0.346761
-0.903602	-0.0932084	-0.346761
-0.903602	-0.0932084	-0.346761
-0.903602	-0.0932084	-0.346761
-0.815849	0.0517542	-0.593537
-0.815849	0.0517542	-0.593537
-0.815849	0.0517542	-0.593537
-0.815849	0.0517542	-0.593537
-0.815849	0.0517542	-0.593537
-0.815849	0.0517542	-0.593537
-0.865786	-0.0878754	-0.572689
-0.865786	-0.0878754	-0.572689
-0.865786	-0.0878754	-0.572689
-0.865786	-0.0878754	-0.572689
-0.865786	-0.0878754	-0.572689
-0.865786	-0.0878754	-0.572689

-0.928328	-0.107268	-0.53051
-0.928328	-0.107268	-0.53051
-0.928328	-0.107268	-0.53051
-0.928328	-0.107268	-0.53051
-0.928328	-0.107268	-0.53051
-0.928328	-0.107268	-0.53051
-0.928328	-0.107268	-0.53051
-0.681067	0.0818134	-0.290521
-0.681067	0.0818134	-0.290521
-0.681067	0.0818134	-0.290521
-0.681067	0.0818134	-0.290521
-0.681067	0.0818134	-0.290521
-0.681067	0.0818134	-0.290521
-0.681067	0.0818134	-0.290521
-1.03257	-0.101935	-0.249311
-1.03257	-0.101935	-0.249311
-1.03257	-0.101935	-0.249311
-1.03257	-0.101935	-0.249311
-1.03257	-0.101935	-0.249311
-1.03257	-0.101935	-0.249311
-0.820212	0.0027869	-0.221191
-0.820212	0.0027869	-0.221191
-0.820212	0.0027869	-0.221191
-0.820212	0.0027869	-0.221191
-0.820212	0.0027869	-0.221191
-0.820212	0.0027869	-0.221191
-0.820212	0.0027869	-0.221191
-0.763972	0.139023	-0.283249
-0.763972	0.139023	-0.283249
-0.763972	0.139023	-0.283249
-0.763972	0.139023	-0.283249
-0.763972	0.139023	-0.283249
-0.763972	0.139023	-0.283249
-0.763972	0.139023	-0.283249
-0.677189	0.179748	-0.202768
-0.677189	0.179748	-0.202768
-0.677189	0.179748	-0.202768
-0.677189	0.179748	-0.202768
-0.677189	0.179748	-0.202768
-0.677189	0.179748	-0.202768
-0.677189	0.179748	-0.202768
-0.982628	-0.0553921	-0.122772
-0.982628	-0.0553921	-0.122772
-0.982628	-0.0553921	-0.122772
-0.982628	-0.0553921	-0.122772
-0.982628	-0.0553921	-0.122772
-0.982628	-0.0553921	-0.122772
-0.982628	-0.0553921	-0.122772
-0.833787	0.164718	-0.213434
-0.833787	0.164718	-0.213434
-0.833787	0.164718	-0.213434
-0.833787	0.164718	-0.213434
-0.833787	0.164718	-0.213434
-0.833787	0.164718	-0.213434
-0.833787	0.164718	-0.213434
-0.984083	0.0701776	-0.204222
-0.984083	0.0701776	-0.204222
-0.984083	0.0701776	-0.204222
-0.984083	0.0701776	-0.204222
-0.984083	0.0701776	-0.204222
-0.984083	0.0701776	-0.204222
-0.984083	0.0701776	-0.204222

-1.03353	0.0759955	-0.373426
-1.03353	0.0759955	-0.373426
-1.03353	0.0759955	-0.373426
-1.03353	0.0759955	-0.373426
-1.03353	0.0759955	-0.373426
-1.03353	0.0759955	-0.373426
-1.03353	0.0759955	-0.373426
-1.03353	0.0759955	-0.373426
-0.907965	-0.0296964	-0.235736
-0.907965	-0.0296964	-0.235736
-0.907965	-0.0296964	-0.235736
-0.907965	-0.0296964	-0.235736
-0.907965	-0.0296964	-0.235736
-0.907965	-0.0296964	-0.235736
-0.907965	-0.0296964	-0.235736
-1.07959	0.113812	-0.37585
-1.07959	0.113812	-0.37585
-1.07959	0.113812	-0.37585
-1.07959	0.113812	-0.37585
-1.07959	0.113812	-0.37585
-1.07959	0.113812	-0.37585
-1.07959	0.113812	-0.37585
-0.882754	0.0381791	-0.434514
-0.882754	0.0381791	-0.434514
-0.882754	0.0381791	-0.434514
-0.882754	0.0381791	-0.434514
-0.906026	0.0425425	-0.436938
-0.906026	0.0425425	-0.436938
-0.906026	0.0425425	-0.436938
-0.906026	0.0425425	-0.436938
-0.971477	0.0129682	-0.268704
-0.971477	0.0129682	-0.268704
-0.971477	0.0129682	-0.268704
-0.971477	0.0129682	-0.268704
-0.971477	0.0129682	-0.268704
-0.971477	0.0129682	-0.268704
-0.971477	0.0129682	-0.268704
-0.895845	-0.0195151	-0.250281
-0.895845	-0.0195151	-0.250281
-0.895845	-0.0195151	-0.250281
-0.895845	-0.0195151	-0.250281
-0.895845	-0.0195151	-0.250281
-0.895845	-0.0195151	-0.250281
-0.895845	-0.0195151	-0.250281
-0.895845	-0.0195151	-0.250281
-0.979235	0.0755106	-0.259492
-0.979235	0.0755106	-0.259492
-0.943842	0.0992671	-0.28131
-0.943842	0.0992671	-0.28131
-0.943842	0.0992671	-0.28131
-0.943842	0.0992671	-0.28131
-0.943842	0.0992671	-0.28131

-0.88227	-0.0495742	-0.36373
-0.88227	-0.0495742	-0.36373
-0.88227	-0.0495742	-0.36373
-0.88227	-0.0495742	-0.36373
-0.88227	-0.0495742	-0.36373
-0.901663	0.0294523	-0.505783
-0.901663	0.0294523	-0.505783
-0.901663	0.0294523	-0.505783
-0.901663	0.0294523	-0.505783
-0.901663	0.0294523	-0.505783
-0.901663	0.0294523	-0.505783
-0.901663	0.0294523	-0.505783
-0.811	-0.0936933	-0.274037
-0.811	-0.0936933	-0.274037
-0.811	-0.0936933	-0.274037
-0.811	-0.0936933	-0.274037
-0.811	-0.0936933	-0.274037
-0.811	-0.0936933	-0.274037
-0.811	-0.0936933	-0.274037
-1.10577	0.0769651	-0.033564
-1.10577	0.0769651	-0.033564
-1.10577	0.0769651	-0.033564
-1.10577	0.0769651	-0.033564
-1.10577	0.0769651	-0.033564
-1.10577	0.0769651	-0.033564
-1.10577	0.0769651	-0.033564
-0.846877	-0.120359	-0.318641
-0.846877	-0.120359	-0.318641
-0.846877	-0.120359	-0.318641
-0.846877	-0.120359	-0.318641
-0.846877	-0.120359	-0.318641
-0.846877	-0.120359	-0.318641
-0.846877	-0.120359	-0.318641
-0.846877	-0.120359	-0.318641
-0.501682	0.0459363	-0.780194
-0.501682	0.0459363	-0.780194
-0.501682	0.0459363	-0.780194
-0.501682	0.0459363	-0.780194
-0.501682	0.0459363	-0.780194
-0.501682	0.0459363	-0.780194
-0.501682	0.0459363	-0.780194
-1.05778	-0.0883602	-0.319611
-1.05778	-0.0883602	-0.319611
-1.05778	-0.0883602	-0.319611
-1.05778	-0.0883602	-0.319611
-1.05778	-0.0883602	-0.319611
-1.05778	-0.0883602	-0.319611
-1.05778	-0.0883602	-0.319611
-1.05778	-0.0883602	-0.319611
-0.958872	-0.136358	-0.200344
-0.958872	-0.136358	-0.200344
-0.958872	-0.136358	-0.200344
-0.958872	-0.136358	-0.200344
-0.958872	-0.136358	-0.200344
-0.958872	-0.136358	-0.200344
-0.958872	-0.136358	-0.200344
-0.958872	-0.136358	-0.200344
-1.13632	-0.154781	-0.340458

-1.02238	-0.0374536	-0.247857
-1.02238	-0.0374536	-0.247857
-1.02238	-0.0374536	-0.247857
-1.02238	-0.0374536	-0.247857
-1.02238	-0.0374536	-0.247857
-1.02238	-0.0374536	-0.247857
-0.667007	-0.21296	-0.403001
-0.667007	-0.21296	-0.403001
-0.667007	-0.21296	-0.403001
-0.667007	-0.21296	-0.403001
-0.667007	-0.21296	-0.403001
-0.667007	-0.21296	-0.403001
-0.667007	-0.21296	-0.403001
-0.827484	-0.42095	-0.478148
-0.827484	-0.42095	-0.478148
-0.827484	-0.42095	-0.478148
-0.860937	-0.435495	-0.477179
-0.860937	-0.435495	-0.477179
-0.860937	-0.435495	-0.477179
-0.860937	-0.435495	-0.477179
-0.860937	-0.435495	-0.477179
-0.863361	-0.313319	-0.399607
-0.775608	-0.281805	-0.402031
-0.775608	-0.281805	-0.402031
-0.775608	-0.281805	-0.402031
-0.775608	-0.281805	-0.402031
-0.775608	-0.281805	-0.402031
-0.775608	-0.281805	-0.402031
-0.873058	-0.457312	-0.393789
-0.873058	-0.457312	-0.393789
-0.873058	-0.457312	-0.393789
-0.873058	-0.457312	-0.393789
-0.873058	-0.457312	-0.393789
-0.873058	-0.457312	-0.393789
-0.873058	-0.457312	-0.393789
-0.983113	-0.3938	-0.41803
-0.983113	-0.3938	-0.41803
-0.983113	-0.3938	-0.41803
-0.983113	-0.3938	-0.41803
-0.983113	-0.3938	-0.41803
-0.983113	-0.3938	-0.41803
-0.983113	-0.3938	-0.41803
-0.808576	-0.428707	-0.45924
-0.808576	-0.428707	-0.45924
-0.808576	-0.428707	-0.45924
-0.808576	-0.428707	-0.45924
-0.808576	-0.428707	-0.45924
-0.808576	-0.428707	-0.45924
-0.808576	-0.428707	-0.45924
-0.952569	-0.460221	-0.469906
-0.952569	-0.460221	-0.469906
-0.952569	-0.460221	-0.469906
-0.952569	-0.460221	-0.469906
-0.952569	-0.460221	-0.469906
-0.952569	-0.460221	-0.469906
-0.952569	-0.460221	-0.469906
-0.746519	-0.470402	-0.329307

-0.858028	-0.538763	-0.447604
-0.858028	-0.538763	-0.447604
-0.858028	-0.538763	-0.447604
-0.858028	-0.538763	-0.447604
-0.858028	-0.538763	-0.447604
-0.858028	-0.538763	-0.447604
-0.858028	-0.538763	-0.447604
-0.746519	-0.437434	-0.39185
-0.746519	-0.437434	-0.39185
-0.79888	-0.422889	-0.399122
-0.79888	-0.422889	-0.399122
-0.79888	-0.422889	-0.399122
-0.79888	-0.422889	-0.399122
-0.79888	-0.422889	-0.399122
-0.79888	-0.422889	-0.399122
-0.943358	-0.319622	-0.479118
-0.943358	-0.319622	-0.479118
-0.943358	-0.319622	-0.479118
-0.943358	-0.319622	-0.479118
-0.943358	-0.319622	-0.479118
-0.943358	-0.319622	-0.479118
-0.943358	-0.319622	-0.479118
-0.814879	-0.410769	-0.512086
-0.814879	-0.410769	-0.512086
-0.814879	-0.410769	-0.512086
-0.814879	-0.410769	-0.512086
-0.814879	-0.410769	-0.512086
-0.814879	-0.410769	-0.512086
-0.814879	-0.410769	-0.512086
-0.961781	-0.422889	-0.454392
-0.961781	-0.422889	-0.454392
-0.961781	-0.422889	-0.454392
-0.961781	-0.422889	-0.454392
-0.961781	-0.422889	-0.454392
-0.961781	-0.422889	-0.454392
-0.961781	-0.422889	-0.454392
-0.794031	-0.49028	-0.32058
-0.794031	-0.49028	-0.32058
-0.794031	-0.49028	-0.32058
-0.794031	-0.49028	-0.32058
-0.794031	-0.49028	-0.32058
-0.794031	-0.49028	-0.32058
-0.794031	-0.49028	-0.32058
-0.794031	-0.49028	-0.32058
-0.827969	-0.391861	-0.403001
-0.827969	-0.391861	-0.403001
-0.827969	-0.391861	-0.403001
-0.827969	-0.391861	-0.403001
-0.827969	-0.391861	-0.403001
-0.827969	-0.391861	-0.403001
-0.827969	-0.391861	-0.403001
-0.856574	-0.389921	-0.472815

-1.35982	-0.33756	0.0629162
-1.35982	-0.33756	0.0629162
-1.35982	-0.33756	0.0629162
-1.35982	-0.33756	0.0629162
-1.35982	-0.33756	0.0629162
-1.35982	-0.33756	0.0629162
-1.35982	-0.33756	0.0629162
-0.920571	-0.246413	-0.404455
-0.920571	-0.246413	-0.404455
-0.920571	-0.246413	-0.404455
-0.920571	-0.246413	-0.404455
-0.920571	-0.246413	-0.404455
-0.920571	-0.246413	-0.404455
-0.920571	-0.246413	-0.404455
-0.920571	-0.246413	-0.404455
-0.824575	-0.211991	-0.33464
-0.824575	-0.211991	-0.33464
-0.824575	-0.211991	-0.33464
-0.824575	-0.211991	-0.33464
-0.824575	-0.211991	-0.33464
-0.824575	-0.211991	-0.33464
-0.824575	-0.211991	-0.33464
-0.824575	-0.211991	-0.33464
-1.06602	0.0255737	-0.388941
-1.06602	0.0255737	-0.388941
-1.06602	0.0255737	-0.388941
-0.830878	-0.0495742	-0.406879
-0.830878	-0.0495742	-0.406879
-0.830878	-0.0495742	-0.406879
-0.830878	-0.0495742	-0.406879
-0.864331	0.00327172	-0.45924
-0.864331	0.00327172	-0.45924
-0.864331	0.00327172	-0.45924
-0.864331	0.00327172	-0.45924
-0.864331	0.00327172	-0.45924
-0.864331	0.00327172	-0.45924
-0.864331	0.00327172	-0.45924
-0.864331	0.00327172	-0.45924
-0.906026	-0.0161213	-0.323004
-0.906026	-0.0161213	-0.323004
-0.906026	-0.0161213	-0.323004
-0.906026	-0.0161213	-0.323004
-0.906026	-0.0161213	-0.323004
-0.906026	-0.0161213	-0.323004
-0.906026	-0.0161213	-0.323004
-0.958872	-0.154296	-0.392334
-0.958872	-0.154296	-0.392334
-0.958872	-0.154296	-0.392334
-0.958872	-0.154296	-0.392334
-0.958872	-0.154296	-0.392334
-0.958872	-0.154296	-0.392334
-0.958872	-0.154296	-0.392334
-0.958872	-0.154296	-0.392334
-0.864816	0.101206	-0.47524
-0.864816	0.101206	-0.47524
-0.864816	0.101206	-0.47524
-0.864816	0.101206	-0.47524
-0.864816	0.101206	-0.47524
-0.864816	0.101206	-0.47524
-0.864816	0.101206	-0.47524

-0.892451	-0.149933	-0.472331
-0.892451	-0.149933	-0.472331
-0.892451	-0.149933	-0.472331
-0.892451	-0.149933	-0.472331
-0.892451	-0.149933	-0.472331
-0.892451	-0.149933	-0.472331
-0.892451	-0.149933	-0.472331
-0.947236	-0.0510287	-0.411243
-0.947236	-0.0510287	-0.411243
-0.922995	-0.136843	-0.310884
-0.922995	-0.136843	-0.310884
-0.922995	-0.136843	-0.310884
-0.922995	-0.136843	-0.310884
-0.922995	-0.136843	-0.310884
-0.922995	-0.136843	-0.310884
-0.985052	-0.14557	-0.439362
-0.985052	-0.14557	-0.439362
-0.985052	-0.14557	-0.439362
-0.985052	-0.14557	-0.439362
-0.985052	-0.14557	-0.439362
-0.985052	-0.14557	-0.439362
-0.985052	-0.14557	-0.439362
-0.985052	-0.14557	-0.439362
-0.832817	-0.115026	-0.427727
-0.832817	-0.115026	-0.427727
-0.832817	-0.115026	-0.427727
-0.832817	-0.115026	-0.427727
-0.832817	-0.115026	-0.427727
-0.832817	-0.115026	-0.427727
-0.832817	-0.115026	-0.427727
-0.850271	-0.10339	-0.312338
-0.850271	-0.10339	-0.312338
-0.850271	-0.10339	-0.312338
-0.850271	-0.10339	-0.312338
-0.850271	-0.10339	-0.312338
-0.850271	-0.10339	-0.312338
-0.850271	-0.10339	-0.312338
-0.850271	-0.10339	-0.312338
-0.906511	-0.141206	-0.384092
-0.906511	-0.141206	-0.384092
-0.906511	-0.141206	-0.384092
-0.906511	-0.141206	-0.384092
-0.906511	-0.141206	-0.384092
-0.906511	-0.141206	-0.384092
-0.906511	-0.141206	-0.384092
-0.906511	-0.141206	-0.384092
-0.848332	-0.0936933	-0.458271
-0.848332	-0.0936933	-0.458271
-0.848332	-0.0936933	-0.458271
-0.848332	-0.0936933	-0.458271
-0.848332	-0.0936933	-0.458271
-0.848332	-0.0936933	-0.458271
-0.848332	-0.0936933	-0.458271
-0.848332	-0.0936933	-0.458271

-0.95063	-0.381679	-0.463119
-0.95063	-0.381679	-0.463119
-0.95063	-0.381679	-0.463119
-0.95063	-0.381679	-0.463119
-0.95063	-0.381679	-0.463119
-0.95063	-0.381679	-0.463119
-0.95063	-0.381679	-0.463119
-0.812455	-0.212475	-0.473785
-0.812455	-0.212475	-0.473785
-0.812455	-0.212475	-0.473785
-0.812455	-0.212475	-0.473785
-0.812455	-0.212475	-0.473785
-0.812455	-0.212475	-0.473785
-0.812455	-0.212475	-0.473785
-0.886148	-0.323985	-0.533418
-0.886148	-0.323985	-0.533418
-0.886148	-0.323985	-0.533418
-0.886148	-0.323985	-0.533418
-0.886148	-0.323985	-0.533418
-0.886148	-0.323985	-0.533418
-0.886148	-0.323985	-0.533418
-0.886148	-0.323985	-0.533418
-0.808091	-0.315258	-0.466513
-0.808091	-0.315258	-0.466513
-0.808091	-0.315258	-0.466513
-0.808091	-0.315258	-0.466513
-0.808091	-0.315258	-0.466513
-0.808091	-0.315258	-0.466513
-0.808091	-0.315258	-0.466513
-0.808091	-0.315258	-0.466513
-1.03644	-0.289078	-0.545054
-0.814879	-0.281805	-0.439847
-0.814879	-0.281805	-0.439847
-0.814879	-0.281805	-0.439847
-0.814879	-0.281805	-0.439847
-0.814879	-0.281805	-0.439847
-0.814879	-0.281805	-0.439847
-0.758154	-0.327379	-0.50142
-0.758154	-0.327379	-0.50142
-0.758154	-0.327379	-0.50142
-0.758154	-0.327379	-0.50142
-0.758154	-0.327379	-0.50142
-0.758154	-0.327379	-0.50142
-0.758154	-0.327379	-0.50142
-0.758154	-0.327379	-0.50142
-0.748943	-0.277442	-0.450998
-0.748943	-0.277442	-0.450998
-0.748943	-0.277442	-0.450998
-0.748943	-0.277442	-0.450998
-0.748943	-0.277442	-0.450998
-0.748943	-0.277442	-0.450998
-0.748943	-0.277442	-0.450998
-0.836211	-0.3938	-0.438393
-0.836211	-0.3938	-0.438393
-0.836211	-0.3938	-0.438393
-0.836211	-0.3938	-0.438393
-0.836211	-0.3938	-0.438393
-0.836211	-0.3938	-0.438393
-0.812455	-0.35162	-0.489299

-0.882754	-0.0146668	-0.097076
-0.882754	-0.0146668	-0.097076
-0.882754	-0.0146668	-0.097076
-1.18577	0.00715032	-0.222161
-1.18577	0.00715032	-0.222161
-1.18577	0.00715032	-0.222161
-1.18577	0.00715032	-0.222161
-1.18577	0.00715032	-0.222161
-1.18577	0.00715032	-0.222161
-1.18577	0.00715032	-0.222161
-1.18577	0.00715032	-0.222161
-0.993294	-0.030666	-0.25125
-0.993294	-0.030666	-0.25125
-0.993294	-0.030666	-0.25125
-0.993294	-0.030666	-0.25125
-0.993294	-0.030666	-0.25125
-0.993294	-0.030666	-0.25125
-0.993294	-0.030666	-0.25125
-0.872573	0.0958733	-0.0849554
-0.872573	0.0958733	-0.0849554
-0.872573	0.0958733	-0.0849554
-0.872573	0.0958733	-0.0849554
-0.872573	0.0958733	-0.0849554
-0.872573	0.0958733	-0.0849554
-0.872573	0.0958733	-0.0849554
-0.872573	0.0958733	-0.0849554
-1.10674	-0.107753	-0.130044
-1.10674	-0.107753	-0.130044
-1.10674	-0.107753	-0.130044
-1.10674	-0.107753	-0.130044
-1.10674	-0.107753	-0.130044
-1.10674	-0.107753	-0.130044
-1.10674	-0.107753	-0.130044
-1.10674	-0.107753	-0.130044
-0.959357	0.0604811	-0.261917
-0.959357	0.0604811	-0.261917
-1.02238	0.0532087	-0.189193
-1.02238	0.0532087	-0.189193
-1.02238	0.0532087	-0.189193
-1.02238	0.0532087	-0.189193
-1.02238	0.0532087	-0.189193
-1.25607	-0.107753	-0.180466
-1.25607	-0.107753	-0.180466
-1.25607	-0.107753	-0.180466
-1.25607	-0.107753	-0.180466
-1.25607	-0.107753	-0.180466
-1.25607	-0.107753	-0.180466
-1.25607	-0.107753	-0.180466
-1.25607	-0.107753	-0.180466
-0.918147	-0.0941781	-0.131983

-0.842029	-0.368104	-0.415606
-0.842029	-0.368104	-0.415606
-0.884694	-0.217324	-0.288582
-0.884694	-0.217324	-0.288582
-0.884694	-0.217324	-0.288582
-0.884694	-0.217324	-0.288582
-0.884694	-0.217324	-0.288582
-0.884694	-0.217324	-0.288582
-0.884694	-0.217324	-0.288582
-0.884694	-0.217324	-0.288582
-0.824575	-0.228475	-0.574629
-0.824575	-0.228475	-0.574629
-0.824575	-0.228475	-0.574629
-0.824575	-0.228475	-0.574629
-0.824575	-0.228475	-0.574629
-0.824575	-0.228475	-0.574629
-0.824575	-0.228475	-0.574629
-0.824575	-0.228475	-0.574629
-1.04226	-0.0956326	-0.46118
-1.04226	-0.0956326	-0.46118
-1.04226	-0.0956326	-0.46118
-1.04226	-0.0956326	-0.46118
-1.04226	-0.0956326	-0.46118
-1.04226	-0.0956326	-0.46118
-1.04226	-0.0956326	-0.46118
-0.834272	-0.35259	-0.324459
-0.834272	-0.35259	-0.324459
-0.834272	-0.35259	-0.324459
-0.834272	-0.35259	-0.324459
-0.834272	-0.35259	-0.324459
-0.834272	-0.35259	-0.324459
-0.834272	-0.35259	-0.324459
-0.834272	-0.35259	-0.324459
-0.803728	-0.115995	-0.593052
-0.803728	-0.115995	-0.593052
-0.803728	-0.115995	-0.593052
-0.803728	-0.115995	-0.593052
-0.803728	-0.115995	-0.593052
-0.803728	-0.115995	-0.593052
-0.803728	-0.115995	-0.593052
-0.803728	-0.115995	-0.593052
-0.955963	-0.253201	-0.520328
-0.955963	-0.253201	-0.520328
-0.955963	-0.253201	-0.520328
-0.955963	-0.253201	-0.520328
-0.955963	-0.253201	-0.520328
-0.955963	-0.253201	-0.520328
-0.955963	-0.253201	-0.520328
-0.955963	-0.253201	-0.520328
-0.955963	-0.253201	-0.520328
-0.891481	-0.203264	-0.340943
-0.891481	-0.203264	-0.340943
-0.891481	-0.203264	-0.340943
-0.891481	-0.203264	-0.340943
-0.891481	-0.203264	-0.340943
-0.891481	-0.203264	-0.340943
-0.891481	-0.203264	-0.340943
-0.891481	-0.203264	-0.340943

-0.920571	-0.208112	-0.323489
-0.920571	-0.208112	-0.323489
-0.920571	-0.208112	-0.323489
-0.920571	-0.208112	-0.323489
-0.920571	-0.208112	-0.323489
-0.920571	-0.208112	-0.323489
-0.920571	-0.208112	-0.323489
-0.920571	-0.208112	-0.323489
-0.942873	-0.0258178	-0.219252
-0.976326	-0.0490894	-0.330762
-0.976326	-0.0490894	-0.330762
-0.976326	-0.0490894	-0.330762
-0.976326	-0.0490894	-0.330762
-0.976326	-0.0490894	-0.330762
-0.976326	-0.0490894	-0.330762
-0.976326	-0.0490894	-0.330762
-1.11692	-0.141691	-0.411727
-1.11692	-0.141691	-0.411727
-1.11692	-0.141691	-0.411727
-1.11692	-0.141691	-0.411727
-1.11692	-0.141691	-0.411727
-1.11692	-0.141691	-0.411727
-1.11692	-0.141691	-0.411727
-1.11692	-0.141691	-0.411727
-1.11692	-0.141691	-0.411727
-0.878876	-0.14363	-0.486875
-0.878876	-0.14363	-0.486875
-0.878876	-0.14363	-0.486875
-0.878876	-0.14363	-0.486875
-0.878876	-0.14363	-0.486875
-0.878876	-0.14363	-0.486875
-0.878876	-0.14363	-0.486875
-0.878876	-0.14363	-0.486875
-0.878876	-0.14363	-0.486875
-0.931722	-0.153327	-0.226039
-0.931722	-0.153327	-0.226039
-0.931722	-0.153327	-0.226039
-0.931722	-0.153327	-0.226039
-0.931722	-0.153327	-0.226039
-0.931722	-0.153327	-0.226039
-0.931722	-0.153327	-0.226039
-0.931722	-0.153327	-0.226039
-1.05923	-0.184356	-0.420939
-1.05923	-0.184356	-0.420939
-1.05923	-0.184356	-0.420939
-1.05923	-0.184356	-0.420939
-1.05923	-0.184356	-0.420939
-1.05923	-0.184356	-0.420939
-1.05923	-0.184356	-0.420939
-1.05923	-0.184356	-0.420939
-0.807122	-0.253201	-0.446635
-0.807122	-0.253201	-0.446635
-0.807122	-0.253201	-0.446635
-0.807122	-0.253201	-0.446635
-0.807122	-0.253201	-0.446635
-0.807122	-0.253201	-0.446635
-0.807122	-0.253201	-0.446635

-0.95063	-0.427738	-0.0980457
-0.95063	-0.427738	-0.0980457
-0.95063	-0.427738	-0.0980457
-0.95063	-0.427738	-0.0980457
-0.95063	-0.427738	-0.0980457
-0.95063	-0.427738	-0.0980457
-0.95063	-0.427738	-0.0980457
-0.95063	-0.427738	-0.0980457
-1.0762	-0.179992	-0.400576
-1.0762	-0.179992	-0.400576
-1.0762	-0.179992	-0.400576
-1.0762	-0.179992	-0.400576
-1.0762	-0.179992	-0.400576
-1.0762	-0.179992	-0.400576
-1.0762	-0.179992	-0.400576
-1.0762	-0.179992	-0.400576
-1.0762	-0.179992	-0.400576
-0.821666	-0.314773	-0.525661
-0.821666	-0.314773	-0.525661
-0.821666	-0.314773	-0.525661
-0.821666	-0.314773	-0.525661
-0.821666	-0.314773	-0.525661
-0.821666	-0.314773	-0.525661
-0.821666	-0.314773	-0.525661
-0.821666	-0.314773	-0.525661
-0.860452	-0.322531	-0.216828
-0.860452	-0.322531	-0.216828
-0.860452	-0.322531	-0.216828
-0.860452	-0.322531	-0.216828
-0.860452	-0.322531	-0.216828
-0.860452	-0.322531	-0.216828
-0.860452	-0.322531	-0.216828
-0.860452	-0.322531	-0.216828
-0.897784	-0.245443	-0.464573
-0.897784	-0.245443	-0.464573
-0.897784	-0.245443	-0.464573
-0.897784	-0.245443	-0.464573
-0.897784	-0.245443	-0.464573
-0.897784	-0.245443	-0.464573
-0.897784	-0.245443	-0.464573
-0.897784	-0.245443	-0.464573
-0.897784	-0.245443	-0.464573
-0.928813	-0.28229	-0.386032
-0.928813	-0.28229	-0.386032
-0.928813	-0.28229	-0.386032
-0.928813	-0.28229	-0.386032
-0.928813	-0.28229	-0.386032
-0.928813	-0.28229	-0.386032
-0.928813	-0.28229	-0.386032
-0.928813	-0.28229	-0.386032
-0.930267	-0.227505	-0.245432
-0.930267	-0.227505	-0.245432
-0.930267	-0.227505	-0.245432
-0.879845	-0.323015	-0.215858
-0.879845	-0.323015	-0.215858
-0.879845	-0.323015	-0.215858
-0.879845	-0.323015	-0.215858
-0.879845	-0.323015	-0.215858
-0.879845	-0.323015	-0.215858
-0.89633	-0.479129	-0.303127

-0.88227	-0.216354	-0.255129
-0.88227	-0.216354	-0.255129
-0.88227	-0.216354	-0.255129
-0.88227	-0.216354	-0.255129
-0.88227	-0.216354	-0.255129
-0.883239	-0.014182	-0.137801
-0.883239	-0.014182	-0.137801
-0.883239	-0.014182	-0.137801
-0.883239	-0.014182	-0.137801
-0.883239	-0.014182	-0.137801
-0.883239	-0.014182	-0.137801
-0.883239	-0.014182	-0.137801
-0.883239	-0.014182	-0.137801
-0.935115	-0.261928	-0.260947
-0.935115	-0.261928	-0.260947
-0.935115	-0.261928	-0.260947
-0.935115	-0.261928	-0.260947
-0.935115	-0.261928	-0.260947
-0.935115	-0.261928	-0.260947
-0.935115	-0.261928	-0.260947
-0.935115	-0.261928	-0.260947
-0.816818	-0.471372	-0.440332
-0.816818	-0.471372	-0.440332
-0.816818	-0.471372	-0.440332
-0.816818	-0.471372	-0.440332
-0.816818	-0.471372	-0.440332
-0.816818	-0.471372	-0.440332
-0.816818	-0.471372	-0.440332
-0.816818	-0.471372	-0.440332
-0.715005	-0.530521	-0.0946519
-0.715005	-0.530521	-0.0946519
-0.715005	-0.530521	-0.0946519
-0.715005	-0.530521	-0.0946519
-0.715005	-0.530521	-0.0946519
-0.715005	-0.530521	-0.0946519
-0.715005	-0.530521	-0.0946519
-0.715005	-0.530521	-0.0946519
-0.715005	-0.530521	-0.0946519
-0.85318	-0.535369	-0.199859
-0.85318	-0.535369	-0.199859
-0.85318	-0.535369	-0.199859
-0.85318	-0.535369	-0.199859
-0.85318	-0.535369	-0.199859
-0.85318	-0.535369	-0.199859
-0.85318	-0.535369	-0.199859
-0.85318	-0.535369	-0.199859
-0.86627	-0.377801	-0.362275
-0.86627	-0.377801	-0.362275
-0.86627	-0.377801	-0.362275
-0.86627	-0.377801	-0.362275
-0.86627	-0.377801	-0.362275
-0.86627	-0.377801	-0.362275
-0.86627	-0.377801	-0.362275
-0.86627	-0.377801	-0.362275

-0.875967	-0.284714	-0.506753
-0.875967	-0.284714	-0.506753
-0.875967	-0.284714	-0.506753
-0.875967	-0.284714	-0.506753
-0.875967	-0.284714	-0.506753
-0.875967	-0.284714	-0.506753
-0.875967	-0.284714	-0.506753
-0.875967	-0.284714	-0.506753
-0.847362	-0.244959	-0.309914
-0.847362	-0.244959	-0.309914
-0.847362	-0.244959	-0.309914
-0.847362	-0.244959	-0.309914
-0.847362	-0.244959	-0.309914
-0.847362	-0.244959	-0.309914
-0.847362	-0.244959	-0.309914
-0.847362	-0.244959	-0.309914
-0.975356	-0.175629	-0.476694
-0.975356	-0.175629	-0.476694
-0.975356	-0.175629	-0.476694
-0.975356	-0.175629	-0.476694
-0.975356	-0.175629	-0.476694
-0.975356	-0.175629	-0.476694
-0.975356	-0.175629	-0.476694
-0.975356	-0.175629	-0.476694
-0.975356	-0.175629	-0.476694
-0.870634	-0.156721	-0.551842
-0.790153	-0.268715	-0.51548
-0.790153	-0.268715	-0.51548
-0.790153	-0.268715	-0.51548
-0.790153	-0.268715	-0.51548
-0.790153	-0.268715	-0.51548
-0.790153	-0.268715	-0.51548
-0.790153	-0.268715	-0.51548
-0.790153	-0.268715	-0.51548
-0.880815	-0.146054	-0.428211
-0.880815	-0.146054	-0.428211
-0.880815	-0.146054	-0.428211
-0.880815	-0.146054	-0.428211
-0.880815	-0.146054	-0.428211
-0.880815	-0.146054	-0.428211
-0.880815	-0.146054	-0.428211
-0.880815	-0.146054	-0.428211
-0.969053	-0.190173	-0.464573
-0.969053	-0.190173	-0.464573
-0.969053	-0.190173	-0.464573
-0.969053	-0.190173	-0.464573
-0.969053	-0.190173	-0.464573
-0.969053	-0.190173	-0.464573
-0.969053	-0.190173	-0.464573
-0.969053	-0.190173	-0.464573
-0.822636	-0.20084	-0.48639
-0.785789	-0.234292	-0.485906

-0.408111	-0.462645	-0.104833
-0.408111	-0.462645	-0.104833
-0.408111	-0.462645	-0.104833
-0.408111	-0.462645	-0.104833
-0.408111	-0.462645	-0.104833
-0.408111	-0.462645	-0.104833
-1.00251	-0.427253	-0.186284
-1.00251	-0.427253	-0.186284
-1.00251	-0.427253	-0.186284
-1.00251	-0.427253	-0.186284
-1.00251	-0.427253	-0.186284
-1.00251	-0.427253	-0.186284
-1.00251	-0.427253	-0.186284
-1.00251	-0.427253	-0.186284
-1.00251	-0.427253	-0.186284
-0.956448	-0.204718	-0.366639
-0.956448	-0.204718	-0.366639
-0.956448	-0.204718	-0.366639
-0.956448	-0.204718	-0.366639
-0.956448	-0.204718	-0.366639
-0.956448	-0.204718	-0.366639
-0.956448	-0.204718	-0.366639
-0.956448	-0.204718	-0.366639
-0.956448	-0.204718	-0.366639
-0.89439	-0.222172	-0.201313
-0.89439	-0.222172	-0.201313
-0.89439	-0.222172	-0.201313
-0.89439	-0.222172	-0.201313
-0.89439	-0.222172	-0.201313
-0.89439	-0.222172	-0.201313
-0.89439	-0.222172	-0.201313
-0.89439	-0.222172	-0.201313
-0.89439	-0.222172	-0.201313
-0.931237	-0.307501	-0.243008
-0.931237	-0.307501	-0.243008
-0.931237	-0.307501	-0.243008
-0.931237	-0.307501	-0.243008
-0.931237	-0.307501	-0.243008
-0.931237	-0.307501	-0.243008
-0.931237	-0.307501	-0.243008
-0.931237	-0.307501	-0.243008
-0.925904	-0.197446	-0.311854
-0.925904	-0.197446	-0.311854
-0.925904	-0.197446	-0.311854
-0.925904	-0.197446	-0.311854
-0.88033	-0.234777	-0.323974
-0.88033	-0.234777	-0.323974
-0.88033	-0.234777	-0.323974
-0.88033	-0.234777	-0.323974
-0.88033	-0.234777	-0.323974
-1.07087	-0.238171	-0.272583
-1.07087	-0.238171	-0.272583
-1.07087	-0.238171	-0.272583
-1.07087	-0.238171	-0.272583
-1.07087	-0.238171	-0.272583
-1.07087	-0.238171	-0.272583
-1.07087	-0.238171	-0.272583
-1.07087	-0.238171	-0.272583
-1.07087	-0.238171	-0.272583
-0.885179	-0.344348	-0.172224

-0.842514	-0.194537	-0.609051
-0.842514	-0.194537	-0.609051
-0.842514	-0.194537	-0.609051
-0.842514	-0.194537	-0.609051
-0.842514	-0.194537	-0.609051
-0.842514	-0.194537	-0.609051
-0.842514	-0.194537	-0.609051
-0.842514	-0.194537	-0.609051
-0.849786	-0.214415	-0.420454
-0.849786	-0.214415	-0.420454
-0.849786	-0.214415	-0.420454
-0.849786	-0.214415	-0.420454
-0.849786	-0.214415	-0.420454
-0.849786	-0.214415	-0.420454
-0.849786	-0.214415	-0.420454
-0.849786	-0.214415	-0.420454
-0.832817	-0.228959	-0.607112
-0.832817	-0.228959	-0.607112
-0.832817	-0.228959	-0.607112
-0.832817	-0.228959	-0.607112
-0.832817	-0.228959	-0.607112
-0.832817	-0.228959	-0.607112
-0.832817	-0.228959	-0.607112
-0.832817	-0.228959	-0.607112
-0.845423	-0.230899	-0.594991
-0.845423	-0.230899	-0.594991
-0.845423	-0.230899	-0.594991
-0.845423	-0.230899	-0.594991
-0.845423	-0.230899	-0.594991
-0.845423	-0.230899	-0.594991
-0.845423	-0.230899	-0.594991
-0.845423	-0.230899	-0.594991
-0.845423	-0.230899	-0.594991
-0.893905	-0.182416	-0.471846
-0.893905	-0.182416	-0.471846
-0.893905	-0.182416	-0.471846
-0.893905	-0.182416	-0.471846
-0.893905	-0.182416	-0.471846
-0.893905	-0.182416	-0.471846
-0.893905	-0.182416	-0.471846
-0.893905	-0.182416	-0.471846
-0.893905	-0.182416	-0.471846
-0.807122	-0.251746	-0.435484
-0.807122	-0.251746	-0.435484
-0.807122	-0.251746	-0.435484
-0.807122	-0.251746	-0.435484
-0.807122	-0.251746	-0.435484
-0.807122	-0.251746	-0.435484
-0.807122	-0.251746	-0.435484
-0.807122	-0.251746	-0.435484
-0.739731	-0.111632	-0.520328
-0.739731	-0.111632	-0.520328
-0.739731	-0.111632	-0.520328
-0.739731	-0.111632	-0.520328
-0.739731	-0.111632	-0.520328
-0.775123	-0.121813	-0.592082
-0.775123	-0.121813	-0.592082
-0.775123	-0.121813	-0.592082
-0.775123	-0.121813	-0.592082

-0.936085	0.0546632	-0.304581
-0.936085	0.0546632	-0.304581
-0.936085	0.0546632	-0.304581
-0.936085	0.0546632	-0.304581
-0.936085	0.0546632	-0.304581
-0.936085	0.0546632	-0.304581
-0.936085	0.0546632	-0.304581
-0.936085	0.0546632	-0.304581
-0.936085	0.0546632	-0.304581
-1.08202	0.0401184	-0.394274
-1.08202	0.0401184	-0.394274
-1.08202	0.0401184	-0.394274
-1.08202	0.0401184	-0.394274
-1.08202	0.0401184	-0.394274
-1.08202	0.0401184	-0.394274
-1.08202	0.0401184	-0.394274
-1.08202	0.0401184	-0.394274
-0.879361	0.0115137	-0.341428
-0.879361	0.0115137	-0.341428
-0.879361	0.0115137	-0.341428
-0.879361	0.0115137	-0.341428
-0.879361	0.0115137	-0.341428
-0.907965	0.00715032	-0.366639
-0.907965	0.00715032	-0.366639
-0.907965	0.00715032	-0.366639
-0.907965	0.00715032	-0.366639
-0.810515	0.0502997	-0.255129
-0.810515	0.0502997	-0.255129
-0.810515	0.0502997	-0.255129
-0.810515	0.0502997	-0.255129
-0.810515	0.0502997	-0.255129
-0.810515	0.0502997	-0.255129
-0.810515	0.0502997	-0.255129
-0.810515	0.0502997	-0.255129
-0.810515	0.0502997	-0.255129
-1.01317	-0.158175	-0.297794
-1.01317	-0.158175	-0.297794
-1.01317	-0.158175	-0.297794
-1.01317	-0.158175	-0.297794
-1.01317	-0.158175	-0.297794
-1.01317	-0.158175	-0.297794
-1.01317	-0.158175	-0.297794
-1.01317	-0.158175	-0.297794
-1.01317	-0.158175	-0.297794
-0.902147	0.121569	-0.421424
-0.902147	0.121569	-0.421424
-0.902147	0.121569	-0.421424
-0.902147	0.121569	-0.421424
-0.902147	0.121569	-0.421424
-0.902147	0.121569	-0.421424
-0.902147	0.121569	-0.421424
-0.902147	0.121569	-0.421424
-0.902147	0.121569	-0.421424

-0.936085	0.0546632	-0.304581
-0.936085	0.0546632	-0.304581
-0.936085	0.0546632	-0.304581
-0.936085	0.0546632	-0.304581
-0.936085	0.0546632	-0.304581
-0.936085	0.0546632	-0.304581
-0.936085	0.0546632	-0.304581
-0.936085	0.0546632	-0.304581
-0.936085	0.0546632	-0.304581
-1.08202	0.0401184	-0.394274
-1.08202	0.0401184	-0.394274
-1.08202	0.0401184	-0.394274
-1.08202	0.0401184	-0.394274
-1.08202	0.0401184	-0.394274
-1.08202	0.0401184	-0.394274
-1.08202	0.0401184	-0.394274
-1.08202	0.0401184	-0.394274
-0.879361	0.0115137	-0.341428
-0.879361	0.0115137	-0.341428
-0.879361	0.0115137	-0.341428
-0.879361	0.0115137	-0.341428
-0.879361	0.0115137	-0.341428
-0.907965	0.00715032	-0.366639
-0.907965	0.00715032	-0.366639
-0.907965	0.00715032	-0.366639
-0.907965	0.00715032	-0.366639
-0.810515	0.0502997	-0.255129
-0.810515	0.0502997	-0.255129
-0.810515	0.0502997	-0.255129
-0.810515	0.0502997	-0.255129
-0.810515	0.0502997	-0.255129
-0.810515	0.0502997	-0.255129
-0.810515	0.0502997	-0.255129
-0.810515	0.0502997	-0.255129
-0.810515	0.0502997	-0.255129
-1.01317	-0.158175	-0.297794
-1.01317	-0.158175	-0.297794
-1.01317	-0.158175	-0.297794
-1.01317	-0.158175	-0.297794
-1.01317	-0.158175	-0.297794
-1.01317	-0.158175	-0.297794
-1.01317	-0.158175	-0.297794
-1.01317	-0.158175	-0.297794
-1.01317	-0.158175	-0.297794
-0.902147	0.121569	-0.421424
-0.902147	0.121569	-0.421424
-0.902147	0.121569	-0.421424
-0.902147	0.121569	-0.421424
-0.902147	0.121569	-0.421424
-0.902147	0.121569	-0.421424
-0.902147	0.121569	-0.421424
-0.902147	0.121569	-0.421424
-0.902147	0.121569	-0.421424