-0.889542	-0.274533	-0.408334
-0.889542	-0.274533	-0.408334
-0.889542	-0.274533	-0.408334
-0.889542	-0.274533	-0.408334
-0.889542	-0.274533	-0.408334
-0.889542	-0.274533	-0.408334
-0.889542	-0.274533	-0.408334
-0.889542	-0.274533	-0.408334
-0.889542	-0.274533	-0.408334
-0.884209	-0.322531	-0.355488
-0.884209	-0.322531	-0.355488
-0.884209	-0.322531	-0.355488
-0.884209	-0.322531	-0.355488
-0.884209	-0.322531	-0.355488
-0.884209	-0.322531	-0.355488
-0.884209	-0.322531	-0.355488
-0.884209	-0.322531	-0.355488
-0.884209	-0.322531	-0.355488
-0.83815	-0.328349	-0.425787
-0.83815	-0.328349	-0.425787
-0.83815	-0.328349	-0.425787
-0.83815	-0.328349	-0.425787
-0.857544	-0.322531	-0.428211
-0.857544	-0.322531	-0.428211
-0.857544	-0.322531	-0.428211
-0.857544	-0.322531	-0.428211
-0.890027	0.101206	-0.277916
-0.890027	0.101206	-0.277916
-0.890027	0.101206	-0.277916
-0.890027	0.101206	-0.277916
-0.890027	0.101206	-0.277916
-0.890027	0.101206	-0.277916
-0.890027	0.101206	-0.277916
-0.890027	0.101206	-0.277916
-0.890027	0.101206	-0.277916
-0.890027	0.101206	-0.277916
-0.844453	0.137568	-0.258523
-0.844453	0.137568	-0.258523
-0.844453	0.137568	-0.258523
-0.844453	0.137568	-0.258523
-0.844453	0.137568	-0.258523
-0.844453	0.137568	-0.258523
-0.844453	0.137568	-0.258523
-0.844453	0.137568	-0.258523
-0.844453	0.137568	-0.258523
-0.70143	0.842019	-0.305066
-0.70143	0.842019	-0.305066
-0.70143	0.842019	-0.305066
-0.70143	0.842019	-0.305066
-0.70143	0.842019	-0.305066
-0.70143	0.842019	-0.305066
-0.70143	0.842019	-0.305066
-0.70143	0.842019	-0.305066
-0.70143	0.842019	-0.305066
-0.390657	0.874987	0.184122
-0.390657	0.874987	0.184122
-0.390657	0.874987	0.184122

-0.845908	-0.339015	-0.452453
-0.845908	-0.339015	-0.452453
-0.845908	-0.339015	-0.452453
-0.845908	-0.339015	-0.452453
-0.845908	-0.339015	-0.452453
-0.841059	-0.344833	-0.453907
-0.841059	-0.344833	-0.453907
-0.841059	-0.344833	-0.453907
-0.841059	-0.344833	-0.453907
-0.841059	-0.344833	-0.453907
-0.846877	-0.374407	-0.404455
-0.846877	-0.374407	-0.404455
-0.846877	-0.374407	-0.404455
-0.846877	-0.374407	-0.404455
-0.846877	-0.374407	-0.404455
-0.846877	-0.374407	-0.404455
-0.846877	-0.374407	-0.404455
-0.846877	-0.374407	-0.404455
-0.846877	-0.374407	-0.404455
-0.846877	-0.374407	-0.404455
-0.778517	-0.398163	-0.452453
-0.778517	-0.398163	-0.452453
-0.778517	-0.398163	-0.452453
-0.778517	-0.398163	-0.452453
-0.778517	-0.398163	-0.452453
-0.778517	-0.398163	-0.452453
-0.778517	-0.398163	-0.452453
-0.778032	-0.408345	-0.462149
-0.778032	-0.408345	-0.462149
-0.877906	0.0289674	-0.305066
-0.877906	0.0289674	-0.305066
-0.877906	0.0289674	-0.305066
-0.877906	0.0289674	-0.305066
-0.877906	0.0289674	-0.305066
-0.877906	0.0289674	-0.305066
-0.877906	0.0289674	-0.305066
-0.877906	0.0289674	-0.305066
-0.877906	0.0289674	-0.305066
-0.877906	0.0289674	-0.305066
-0.877906	0.0289674	-0.305066
-0.599132	0.69948	-0.217797
-0.599132	0.69948	-0.217797
-0.599132	0.69948	-0.217797
-0.599132	0.69948	-0.217797
-0.599132	0.69948	-0.217797
-0.599132	0.69948	-0.217797
-0.599132	0.69948	-0.217797
-0.599132	0.69948	-0.217797
-0.599132	0.69948	-0.217797
-0.599132	0.69948	-0.217797
-0.600586	0.623363	-0.0675017
-0.600586	0.623363	-0.0675017
-0.600586	0.623363	-0.0675017
-0.600586	0.623363	-0.0675017
-0.600586	0.623363	-0.0675017
-0.600586	0.623363	-0.0675017
-0.600586	0.623363	-0.0675017
-0.600586	0.623363	-0.0675017
-0.600586	0.623363	-0.0675017
-0.600586	0.623363	-0.0675017

-0.890996	-0.273563	-0.364215
-0.890996	-0.273563	-0.364215
-0.890996	-0.273563	-0.364215
-0.890996	-0.273563	-0.364215
-0.890996	-0.273563	-0.364215
-0.890996	-0.273563	-0.364215
-0.890996	-0.273563	-0.364215
-0.890996	-0.273563	-0.364215
-0.890996	-0.273563	-0.364215
-0.890996	-0.273563	-0.364215
-0.880815	-0.348226	-0.428696
-0.880815	-0.348226	-0.428696
-0.880815	-0.348226	-0.428696
-0.880815	-0.348226	-0.428696
-0.880815	-0.348226	-0.428696
-0.880815	-0.348226	-0.428696
-0.880815	-0.348226	-0.428696
-0.880815	-0.348226	-0.428696
-0.880815	-0.348226	-0.428696
-0.880815	-0.348226	-0.428696
-1.01705	0.15987	-0.0931974
-1.01705	0.15987	-0.0931974
-1.01705	0.15987	-0.0931974
-1.01705	0.15987	-0.0931974
-1.01705	0.15987	-0.0931974
-1.01705	0.15987	-0.0931974
-1.01705	0.15987	-0.0931974
-1.01705	0.15987	-0.0931974
-1.01705	0.15987	-0.0931974
-1.01705	0.15987	-0.0931974
-0.82409	0.675724	-0.0398667
-0.82409	0.675724	-0.0398667
-0.82409	0.675724	-0.0398667
-0.82409	0.675724	-0.0398667
-0.82409	0.675724	-0.0398667
-0.82409	0.675724	-0.0398667
-0.82409	0.675724	-0.0398667
-0.82409	0.675724	-0.0398667
-0.82409	0.675724	-0.0398667
-0.82409	0.675724	-0.0398667
-0.350417	0.783355	-0.0927126
-0.350417	0.783355	-0.0927126
-0.350417	0.783355	-0.0927126
-0.350417	0.783355	-0.0927126
-0.350417	0.783355	-0.0927126
-0.350417	0.783355	-0.0927126
-0.350417	0.783355	-0.0927126
-0.350417	0.783355	-0.0927126
-0.350417	0.783355	-0.0927126
-0.350417	0.783355	-0.0927126
-0.302419	0.888562	-0.00980756

-0.795486	-0.384588	-0.358397
-0.730035	-0.414163	-0.335125
-0.730035	-0.414163	-0.335125
-0.730035	-0.414163	-0.335125
-0.730035	-0.414163	-0.335125
-0.730035	-0.414163	-0.335125
-0.730035	-0.414163	-0.335125
-0.730035	-0.414163	-0.335125
-0.72955	-0.487371	-0.467482
-0.72955	-0.487371	-0.467482
-0.72955	-0.487371	-0.467482
-0.72955	-0.487371	-0.467482
-0.72955	-0.487371	-0.467482
-0.72955	-0.487371	-0.467482
-0.72955	-0.487371	-0.467482
-0.72955	-0.487371	-0.467482
-0.72955	-0.487371	-0.467482
-0.72955	-0.487371	-0.467482
-0.745064	-0.447131	-0.469422
-0.745064	-0.447131	-0.469422
-0.745064	-0.447131	-0.469422
-0.745064	-0.447131	-0.469422
-0.745064	-0.447131	-0.469422
-0.745064	-0.447131	-0.469422
-0.745064	-0.447131	-0.469422
-0.745064	-0.447131	-0.469422
-0.745064	-0.447131	-0.469422
-0.989901	0.308711	-0.240584
-0.989901	0.308711	-0.240584
-0.989901	0.308711	-0.240584
-0.989901	0.308711	-0.240584
-0.989901	0.308711	-0.240584
-0.989901	0.308711	-0.240584
-0.989901	0.308711	-0.240584
-0.989901	0.308711	-0.240584
-0.862392	0.306772	-0.264825
-0.862392	0.306772	-0.264825
-0.518166	0.761538	0.0764913
-0.518166	0.761538	0.0764913
-0.518166	0.761538	0.0764913
-0.518166	0.761538	0.0764913
-0.518166	0.761538	0.0764913
-0.518166	0.761538	0.0764913
-0.518166	0.761538	0.0764913
-0.518166	0.761538	0.0764913
-0.518166	0.761538	0.0764913
-0.387263	0.828444	-0.0262916
-0.387263	0.828444	-0.0262916
-0.387263	0.828444	-0.0262916
-0.387263	0.828444	-0.0262916
-0.387263	0.828444	-0.0262916
-0.387263	0.828444	-0.0262916
-0.387263	0.828444	-0.0262916
-0.387263	0.828444	-0.0262916
-0.387263	0.828444	-0.0262916
-0.256845	0.961286	-0.0650776
-0.256845	0.961286	-0.0650776
-0.256845	0.961286	-0.0650776
-0.256845	0.961286	-0.0650776
-0.256845	0.961286	-0.0650776
-0.256845	0.961286	-0.0650776
-0.256845	0.961286	-0.0650776
-0.256845	0.961286	-0.0650776
-0.256845	0.961286	-0.0650776

-0.714035	-0.553792	-0.476694
-0.714035	-0.553792	-0.476694
-0.714035	-0.553792	-0.476694
-0.714035	-0.553792	-0.476694
-0.714035	-0.553792	-0.476694
-0.714035	-0.553792	-0.476694
-0.714035	-0.553792	-0.476694
-0.714035	-0.553792	-0.476694
-0.72761	-0.514036	-0.458271
-0.72761	-0.514036	-0.458271
-0.72761	-0.514036	-0.458271
-0.72761	-0.514036	-0.458271
-0.72761	-0.514036	-0.458271
-0.72761	-0.514036	-0.458271
-0.72761	-0.514036	-0.458271
-0.72761	-0.514036	-0.458271
-0.72761	-0.514036	-0.458271
-0.707733	-0.522763	-0.454392
-0.961781	-0.0301812	-0.32058
-0.961781	-0.0301812	-0.32058
-0.961781	-0.0301812	-0.32058
-0.961781	-0.0301812	-0.32058
-0.961781	-0.0301812	-0.32058
-0.961781	-0.0301812	-0.32058
-0.961781	-0.0301812	-0.32058
-0.961781	-0.0301812	-0.32058
-0.961781	-0.0301812	-0.32058
-0.961781	-0.0301812	-0.32058
-1.07281	0.423615	-0.12665
-1.07281	0.423615	-0.12665
-1.07281	0.423615	-0.12665
-1.07281	0.423615	-0.12665
-1.07281	0.423615	-0.12665
-1.07281	0.423615	-0.12665
-1.07281	0.423615	-0.12665
-1.07281	0.423615	-0.12665
-1.07281	0.423615	-0.12665
-1.05147	0.641786	-0.329307
-1.05147	0.641786	-0.329307
-1.05147	0.641786	-0.329307
-1.05147	0.641786	-0.329307
-0.789668	0.596697	-0.29343
-0.789668	0.596697	-0.29343
-0.789668	0.596697	-0.29343
-0.789668	0.596697	-0.29343
-0.789668	0.596697	-0.29343
-0.789668	0.596697	-0.29343
-0.263633	0.556942	-0.00156553
-0.263633	0.556942	-0.00156553
-0.263633	0.556942	-0.00156553
-0.263633	0.556942	-0.00156553
-0.263633	0.556942	-0.00156553
-0.263633	0.556942	-0.00156553
-0.263633	0.556942	-0.00156553
-0.263633	0.556942	-0.00156553
-0.263633	0.556942	-0.00156553
-0.263633	0.556942	-0.00156553
-0.293207	0.950135	-0.0146558

-0.840575	-0.318652	-0.461664
-0.840575	-0.318652	-0.461664
-0.840575	-0.318652	-0.461664
-0.840575	-0.318652	-0.461664
-0.840575	-0.318652	-0.461664
-0.840575	-0.318652	-0.461664
-0.840575	-0.318652	-0.461664
-0.840575	-0.318652	-0.461664
-0.840575	-0.318652	-0.461664
-0.840575	-0.318652	-0.461664
-0.861907	-0.0825423	-0.443241
-0.861907	-0.0825423	-0.443241
-0.861907	-0.0825423	-0.443241
-0.861907	-0.0825423	-0.443241
-0.861907	-0.0825423	-0.443241
-0.861907	-0.0825423	-0.443241
-0.861907	-0.0825423	-0.443241
-0.861907	-0.0825423	-0.443241
-0.861907	-0.0825423	-0.443241
-0.861907	-0.0825423	-0.443241
-0.928328	0.374648	-0.252705
-0.928328	0.374648	-0.252705
-0.928328	0.374648	-0.252705
-0.928328	0.374648	-0.252705
-0.928328	0.374648	-0.252705
-0.928328	0.374648	-0.252705
-0.928328	0.374648	-0.252705
-0.928328	0.374648	-0.252705
-0.928328	0.374648	-0.252705
-0.928328	0.374648	-0.252705
-0.640827	0.582153	-0.270643
-0.640827	0.582153	-0.270643
-0.640827	0.582153	-0.270643
-0.640827	0.582153	-0.270643
-0.640827	0.582153	-0.270643
-0.640827	0.582153	-0.270643
-0.640827	0.582153	-0.270643
-0.640827	0.582153	-0.270643
-0.640827	0.582153	-0.270643
-0.640827	0.582153	-0.270643
-0.28545	0.931711	0.00570684
-0.28545	0.931711	0.00570684
-0.28545	0.931711	0.00570684
-0.28545	0.931711	0.00570684
-0.28545	0.931711	0.00570684
-0.28545	0.931711	0.00570684
-0.28545	0.931711	0.00570684
-0.28545	0.931711	0.00570684
-0.28545	0.931711	0.00570684
-0.28545	0.931711	0.00570684
-0.241331	0.953044	0.0100703
-0.241331	0.953044	0.0100703
-0.241331	0.953044	0.0100703
-0.241331	0.953044	0.0100703
-0.241331	0.953044	0.0100703
-0.241331	0.953044	0.0100703
-0.241331	0.953044	0.0100703
-0.241331	0.953044	0.0100703
-0.241331	0.953044	0.0100703

-0.89536	-0.128116	-0.445665
-0.89536	-0.128116	-0.445665
-0.89536	-0.128116	-0.445665
-0.89536	-0.128116	-0.445665
-0.89536	-0.128116	-0.445665
-0.89536	-0.128116	-0.445665
-0.89536	-0.128116	-0.445665
-0.89536	-0.128116	-0.445665
-0.89536	-0.128116	-0.445665
-0.898754	-0.0510287	-0.414152
-0.898754	-0.0510287	-0.414152
-0.898754	-0.0510287	-0.414152
-0.898754	-0.0510287	-0.414152
-0.898754	-0.0510287	-0.414152
-0.898754	-0.0510287	-0.414152
-0.898754	-0.0510287	-0.414152
-0.898754	-0.0510287	-0.414152
-0.898754	-0.0510287	-0.414152
-0.898754	-0.0510287	-0.414152
-0.898754	-0.0510287	-0.414152
-0.833302	0.523489	-0.140225
-0.833302	0.523489	-0.140225
-0.833302	0.523489	-0.140225
-0.833302	0.523489	-0.140225
-0.833302	0.523489	-0.140225
-0.833302	0.523489	-0.140225
-0.833302	0.523489	-0.140225
-0.833302	0.523489	-0.140225
-0.833302	0.523489	-0.140225
-0.833302	0.523489	-0.140225
-0.833302	0.523489	-0.140225
-0.525923	0.918621	-0.0485935
-0.525923	0.918621	-0.0485935
-0.525923	0.918621	-0.0485935
-0.525923	0.918621	-0.0485935
-0.525923	0.918621	-0.0485935
-0.525923	0.918621	-0.0485935
-0.525923	0.918621	-0.0485935
-0.525923	0.918621	-0.0485935
-0.525923	0.918621	-0.0485935
-0.525923	0.918621	-0.0485935
-0.525923	0.918621	-0.0485935
-0.0284928	0.844928	-0.0393819
-0.0284928	0.844928	-0.0393819
-0.0284928	0.844928	-0.0393819
-0.0284928	0.844928	-0.0393819
-0.0284928	0.844928	-0.0393819
-0.0284928	0.844928	-0.0393819
-0.0284928	0.844928	-0.0393819
-0.0284928	0.844928	-0.0393819
-0.0284928	0.844928	-0.0393819
-0.228726	0.996678	0.06631
-0.228726	0.996678	0.06631
-0.225332	1.00056	-0.00302001
-0.225332	1.00056	-0.00302001
-0.225332	1.00056	-0.00302001

-0.86821	-0.497068	0.12158
-0.86821	-0.497068	0.12158
-0.86821	-0.497068	0.12158
-0.86821	-0.497068	0.12158
-0.86821	-0.497068	0.12158
-0.86821	-0.497068	0.12158
-0.86821	-0.497068	0.12158
-0.86821	-0.497068	0.12158
-0.86821	-0.497068	0.12158
-0.764457	-0.479129	0.119156
-0.764457	-0.479129	0.119156
-0.764457	-0.479129	0.119156
-0.764457	-0.479129	0.119156
-0.764457	-0.479129	0.119156
-0.764457	-0.479129	0.119156
-0.764457	-0.479129	0.119156
-0.764457	-0.479129	0.119156
-0.764457	-0.479129	0.119156
-0.764457	-0.479129	0.119156
-0.944812	0.281076	0.100248
-0.944812	0.281076	0.100248
-0.944812	0.281076	0.100248
-0.944812	0.281076	0.100248
-0.944812	0.281076	0.100248
-0.944812	0.281076	0.100248
-0.944812	0.281076	0.100248
-0.944812	0.281076	0.100248
-0.944812	0.281076	0.100248
-0.944812	0.281076	0.100248
-0.852695	0.541427	0.10655
-0.852695	0.541427	0.10655
-0.749428	0.513308	0.0711582
-0.749428	0.513308	0.0711582
-0.749428	0.513308	0.0711582
-0.749428	0.513308	0.0711582
-0.749428	0.513308	0.0711582
-0.749428	0.513308	0.0711582
-0.749428	0.513308	0.0711582
-0.749428	0.513308	0.0711582
-0.749428	0.513308	0.0711582
-0.517681	0.866745	-0.0355033
-0.517681	0.866745	-0.0355033
-0.517681	0.866745	-0.0355033
-0.517681	0.866745	-0.0355033
-0.517681	0.866745	-0.0355033
-0.517681	0.866745	-0.0355033
-0.517681	0.866745	-0.0355033
-0.517681	0.866745	-0.0355033
-0.517681	0.866745	-0.0355033
-0.517681	0.866745	-0.0355033
-0.262663	0.835231	-0.0650776
-0.262663	0.835231	-0.0650776
-0.262663	0.835231	-0.0650776
-0.262663	0.835231	-0.0650776
-0.262663	0.835231	-0.0650776
-0.262663	0.835231	-0.0650776
-0.262663	0.835231	-0.0650776
-0.262663	0.835231	-0.0650776
-0.262663	0.835231	-0.0650776
-0.262663	0.835231	-0.0650776

-0.821182	-0.362771	-0.357427
-0.821182	-0.362771	-0.357427
-0.821182	-0.362771	-0.357427
-0.821182	-0.362771	-0.357427
-0.821182	-0.362771	-0.357427
-0.821182	-0.362771	-0.357427
-0.821182	-0.362771	-0.357427
-0.821182	-0.362771	-0.357427
-0.821182	-0.362771	-0.357427
-0.821182	-0.362771	-0.357427
-0.78482	-0.135873	-0.314278
-0.78482	-0.135873	-0.314278
-0.78482	-0.135873	-0.314278
-0.78482	-0.135873	-0.314278
-0.78482	-0.135873	-0.314278
-0.776093	-0.0592707	-0.39088
-0.776093	-0.0592707	-0.39088
-0.776093	-0.0592707	-0.39088
-0.776093	-0.0592707	-0.39088
-0.776093	-0.0592707	-0.39088
-0.907965	0.667967	-0.129559
-0.907965	0.667967	-0.129559
-0.907965	0.667967	-0.129559
-0.907965	0.667967	-0.129559
-0.907965	0.667967	-0.129559
-0.907965	0.667967	-0.129559
-0.907965	0.667967	-0.129559
-0.907965	0.667967	-0.129559
-0.907965	0.667967	-0.129559
-0.914753	0.65924	-0.0931974
-0.515257	0.981164	-0.0136862
-0.515257	0.981164	-0.0136862
-0.515257	0.981164	-0.0136862
-0.515257	0.981164	-0.0136862
-0.515257	0.981164	-0.0136862
-0.515257	0.981164	-0.0136862
-0.515257	0.981164	-0.0136862
-0.515257	0.981164	-0.0136862
-0.515257	0.981164	-0.0136862
-0.515257	0.981164	-0.0136862
-0.213696	0.9225	-0.0146558
-0.213696	0.9225	-0.0146558
-0.213696	0.9225	-0.0146558
-0.213696	0.9225	-0.0146558
-0.213696	0.9225	-0.0146558
-0.213696	0.9225	-0.0146558
-0.213696	0.9225	-0.0146558
-0.213696	0.9225	-0.0146558
-0.213696	0.9225	-0.0146558
-0.213696	0.9225	-0.0146558
-0.327145	0.773659	0.0929753

-0.891481	-0.344348	-0.36179
-0.891481	-0.344348	-0.36179
-0.891481	-0.344348	-0.36179
-0.891481	-0.344348	-0.36179
-0.891481	-0.344348	-0.36179
-0.891481	-0.344348	-0.36179
-0.891481	-0.344348	-0.36179
-0.891481	-0.344348	-0.36179
-0.891481	-0.344348	-0.36179
-0.793062	-0.390406	-0.346761
-0.793062	-0.390406	-0.346761
-0.769305	-0.414647	-0.350155
-0.769305	-0.414647	-0.350155
-0.769305	-0.414647	-0.350155
-0.769305	-0.414647	-0.350155
-0.769305	-0.414647	-0.350155
-0.769305	-0.414647	-0.350155
-0.769305	-0.414647	-0.350155
-0.769305	-0.414647	-0.350155
-0.769305	-0.414647	-0.350155
-0.912813	0.577304	-0.0990153
-0.912813	0.577304	-0.0990153
-0.912813	0.577304	-0.0990153
-0.912813	0.577304	-0.0990153
-0.902147	0.601546	-0.0287157
-0.902147	0.601546	-0.0287157
-0.902147	0.601546	-0.0287157
-0.902147	0.601546	-0.0287157
-0.902147	0.601546	-0.0287157
-0.902147	0.601546	-0.0287157
-0.902147	0.601546	-0.0287157
-0.663613	0.723722	-0.111621
-0.663613	0.723722	-0.111621
-0.663613	0.723722	-0.111621
-0.663613	0.723722	-0.111621
-0.663613	0.723722	-0.111621
-0.663613	0.723722	-0.111621
-0.663613	0.723722	-0.111621
-0.663613	0.723722	-0.111621
-0.663613	0.723722	-0.111621
-0.663613	0.723722	-0.111621
-0.663613	0.723722	-0.111621
-0.344599	0.857533	0.0876423
-0.344599	0.857533	0.0876423
-0.344599	0.857533	0.0876423
-0.344599	0.857533	0.0876423
-0.344599	0.857533	0.0876423
-0.344599	0.857533	0.0876423
-0.344599	0.857533	0.0876423
-0.344599	0.857533	0.0876423
-0.344599	0.857533	0.0876423
-0.344599	0.857533	0.0876423
-0.237937	0.917167	-0.0675017
-0.237937	0.917167	-0.0675017
-0.237937	0.917167	-0.0675017
-0.237937	0.917167	-0.0675017
-0.237937	0.917167	-0.0675017
-0.237937	0.917167	-0.0675017
-0.237937	0.917167	-0.0675017
-0.237937	0.917167	-0.0675017
-0.237937	0.917167	-0.0675017
-0.237937	0.917167	-0.0675017
-0.237937	0.917167	-0.0675017

-0.906026	-0.306531	-0.32058
-0.906026	-0.306531	-0.32058
-0.906026	-0.306531	-0.32058
-0.906026	-0.306531	-0.32058
-0.906026	-0.306531	-0.32058
-0.906026	-0.306531	-0.32058
-0.906026	-0.306531	-0.32058
-0.906026	-0.306531	-0.32058
-0.906026	-0.306531	-0.32058
-0.906026	-0.306531	-0.32058
-0.904087	-0.318652	-0.314278
-0.84009	-0.344348	-0.309914
-0.84009	-0.344348	-0.309914
-0.84009	-0.344348	-0.309914
-0.84009	-0.344348	-0.309914
-0.84009	-0.344348	-0.309914
-0.84009	-0.344348	-0.309914
-0.84009	-0.344348	-0.309914
-0.84009	-0.344348	-0.309914
-0.84009	-0.344348	-0.309914
-0.875967	0.557427	-0.200344
-0.875967	0.557427	-0.200344
-0.875967	0.557427	-0.200344
-0.875967	0.557427	-0.200344
-0.875967	0.557427	-0.200344
-0.875967	0.557427	-0.200344
-0.875967	0.557427	-0.200344
-0.875967	0.557427	-0.200344
-0.875967	0.557427	-0.200344
-0.875967	0.557427	-0.200344
-0.875967	0.557427	-0.200344
-1.05729	0.814869	-0.0379274
-1.05729	0.814869	-0.0379274
-1.05729	0.814869	-0.0379274
-1.05729	0.814869	-0.0379274
-1.05729	0.814869	-0.0379274
-1.05729	0.814869	-0.0379274
-1.05729	0.814869	-0.0379274
-1.05729	0.814869	-0.0379274
-1.05729	0.814869	-0.0379274
-1.05729	0.814869	-0.0379274
-0.429928	0.78287	0.035766
-0.429928	0.78287	0.035766
-0.429928	0.78287	0.035766
-0.429928	0.78287	0.035766
-0.429928	0.78287	0.035766
-0.429928	0.78287	0.035766
-0.429928	0.78287	0.035766
-0.429928	0.78287	0.035766
-0.429928	0.78287	0.035766
-0.429928	0.78287	0.035766
-0.387263	0.791112	0.0425535
-0.238422	0.876441	-0.0214434
-0.238422	0.876441	-0.0214434
-0.238422	0.876441	-0.0214434
-0.238422	0.876441	-0.0214434
-0.265087	0.911349	-0.0161103
-0.265087	0.911349	-0.0161103
-0.265087	0.911349	-0.0161103
-0.265087	0.911349	-0.0161103
-0.265087	0.911349	-0.0161103
-0.265087	0.911349	-0.0161103

-0.887118	-0.225081	-0.386517
-0.887118	-0.225081	-0.386517
-0.887118	-0.225081	-0.386517
-0.887118	-0.225081	-0.386517
-0.887118	-0.225081	-0.386517
-0.887118	-0.225081	-0.386517
-0.887118	-0.225081	-0.386517
-0.887118	-0.225081	-0.386517
-0.887118	-0.225081	-0.386517
-0.965175	-0.0709065	-0.394274
-0.965175	-0.0709065	-0.394274
-0.965175	-0.0709065	-0.394274
-0.965175	-0.0709065	-0.394274
-0.965175	-0.0709065	-0.394274
-0.965175	-0.0709065	-0.394274
-0.965175	-0.0709065	-0.394274
-0.965175	-0.0709065	-0.394274
-0.965175	-0.0709065	-0.394274
-0.965175	-0.0709065	-0.394274
-0.965175	-0.0709065	-0.394274
-0.798395	-0.183871	-0.325913
-0.798395	-0.183871	-0.325913
-0.798395	-0.183871	-0.325913
-0.798395	-0.183871	-0.325913
-0.798395	-0.183871	-0.325913
-0.798395	-0.183871	-0.325913
-0.798395	-0.183871	-0.325913
-0.798395	-0.183871	-0.325913
-0.798395	-0.183871	-0.325913
-0.798395	-0.183871	-0.325913
-0.79888	0.701904	-0.0922278
-0.79888	0.701904	-0.0922278
-0.79888	0.701904	-0.0922278
-0.79888	0.701904	-0.0922278
-0.79888	0.701904	-0.0922278
-0.79888	0.701904	-0.0922278
-0.873058	0.722752	-0.0325943
-0.873058	0.722752	-0.0325943
-0.873058	0.722752	-0.0325943
-0.873058	0.722752	-0.0325943
-0.873058	0.722752	-0.0325943
-0.597193	0.943347	0.0808547
-0.597193	0.943347	0.0808547
-0.597193	0.943347	0.0808547
-0.597193	0.943347	0.0808547
-0.597193	0.943347	0.0808547
-0.597193	0.943347	0.0808547
-0.597193	0.943347	0.0808547
-0.597193	0.943347	0.0808547
-0.597193	0.943347	0.0808547
-0.597193	0.943347	0.0808547
-0.597193	0.943347	0.0808547
-0.440109	0.775113	-0.0228978
-0.440109	0.775113	-0.0228978
-0.440109	0.775113	-0.0228978
-0.440109	0.775113	-0.0228978
-0.440109	0.775113	-0.0228978
-0.440109	0.775113	-0.0228978
-0.440109	0.775113	-0.0228978
-0.440109	0.775113	-0.0228978
-0.440109	0.775113	-0.0228978
-0.440109	0.775113	-0.0228978

-0.453199	1.26042	-0.0185344
-0.453199	1.26042	-0.0185344
-0.453199	1.26042	-0.0185344
-0.453199	1.26042	-0.0185344
-0.453199	1.26042	-0.0185344
-0.453199	1.26042	-0.0185344
-0.453199	1.26042	-0.0185344
-0.453199	1.26042	-0.0185344
-0.453199	1.26042	-0.0185344
-0.453199	1.26042	-0.0185344
-0.683976	0.107994	-0.138771
-0.683976	0.107994	-0.138771
-0.683976	0.107994	-0.138771
-0.683976	0.107994	-0.138771
-0.683976	0.107994	-0.138771
-0.683976	0.107994	-0.138771
-0.683976	0.107994	-0.138771
-0.683976	0.107994	-0.138771
-0.683976	0.107994	-0.138771
-0.683976	0.107994	-0.138771
-0.683976	0.107994	-0.138771
-0.845908	0.525913	-0.23816
-0.845908	0.525913	-0.23816
-0.845908	0.525913	-0.23816
-0.845908	0.525913	-0.23816
-0.845908	0.525913	-0.23816
-0.845908	0.525913	-0.23816
-0.845908	0.525913	-0.23816
-0.845908	0.525913	-0.23816
-0.845908	0.525913	-0.23816
-0.914268	0.650513	-0.253674
-0.914268	0.650513	-0.253674
-0.914268	0.650513	-0.253674
-0.551134	0.730994	-0.118408
-0.551134	0.730994	-0.118408
-0.551134	0.730994	-0.118408
-0.551134	0.730994	-0.118408
-0.551134	0.730994	-0.118408
-0.551134	0.730994	-0.118408
-0.551134	0.730994	-0.118408
-0.551134	0.730994	-0.118408
-0.551134	0.730994	-0.118408
-0.551134	0.730994	-0.118408
-0.551134	0.730994	-0.118408
-0.654402	0.925409	-0.014171
-0.654402	0.925409	-0.014171
-0.654402	0.925409	-0.014171
-0.654402	0.925409	-0.014171
-0.654402	0.925409	-0.014171
-0.654402	0.925409	-0.014171
-0.555013	0.950135	-0.0849554
-0.555013	0.950135	-0.0849554
-0.555013	0.950135	-0.0849554
-0.555013	0.950135	-0.0849554
-0.555013	0.950135	-0.0849554
-0.553558	0.689299	-0.115984

-0.840575	-0.332227	-0.418515
-0.840575	-0.332227	-0.418515
-0.840575	-0.332227	-0.418515
-0.840575	-0.332227	-0.418515
-0.840575	-0.332227	-0.418515
-0.840575	-0.332227	-0.418515
-0.840575	-0.332227	-0.418515
-0.840575	-0.332227	-0.418515
-0.840575	-0.332227	-0.418515
-0.840575	-0.332227	-0.418515
-0.840575	-0.332227	-0.418515
-0.812455	-0.331257	-0.374396
-0.812455	-0.331257	-0.374396
-0.812455	-0.331257	-0.374396
-0.812455	-0.331257	-0.374396
-0.812455	-0.331257	-0.374396
-0.812455	-0.331257	-0.374396
-0.812455	-0.331257	-0.374396
-0.812455	-0.331257	-0.374396
-0.812455	-0.331257	-0.374396
-0.812455	-0.331257	-0.374396
-0.812455	-0.331257	-0.374396
-0.972447	0.238897	-0.300218
-0.972447	0.238897	-0.300218
-0.972447	0.238897	-0.300218
-0.972447	0.238897	-0.300218
-0.972447	0.238897	-0.300218
-0.972447	0.238897	-0.300218
-0.972447	0.238897	-0.300218
-0.972447	0.238897	-0.300218
-0.972447	0.238897	-0.300218
-0.972447	0.238897	-0.300218
-0.972447	0.238897	-0.300218
-0.706763	0.388708	-0.283249
-0.706763	0.388708	-0.283249
-0.706763	0.388708	-0.283249
-0.706763	0.388708	-0.283249
-0.706763	0.388708	-0.283249
-0.706763	0.388708	-0.283249
-0.706763	0.388708	-0.283249
-0.706763	0.388708	-0.283249
-0.706763	0.388708	-0.283249
-0.706763	0.388708	-0.283249
-0.706763	0.388708	-0.283249
-0.25927	0.912803	-0.0742893
-0.25927	0.912803	-0.0742893
-0.253936	0.845898	-0.0432605
-0.253936	0.845898	-0.0432605
-0.253936	0.845898	-0.0432605
-0.253936	0.845898	-0.0432605
-0.253936	0.845898	-0.0432605
-0.253936	0.845898	-0.0432605
-0.253936	0.845898	-0.0432605
-0.253936	0.845898	-0.0432605
-0.253936	0.845898	-0.0432605

-0.789183	-0.428707	-0.459725
-0.789183	-0.428707	-0.459725
-0.789183	-0.428707	-0.459725
-0.789183	-0.428707	-0.459725
-0.789183	-0.428707	-0.459725
-0.789183	-0.428707	-0.459725
-0.789183	-0.428707	-0.459725
-0.789183	-0.428707	-0.459725
-0.789183	-0.428707	-0.459725
-0.789183	-0.428707	-0.459725
-0.783365	-0.469917	-0.460695
-0.783365	-0.469917	-0.460695
-0.783365	-0.469917	-0.460695
-0.783365	-0.469917	-0.460695
-0.783365	-0.469917	-0.460695
-0.783365	-0.469917	-0.460695
-0.783365	-0.469917	-0.460695
-0.783365	-0.469917	-0.460695
-0.783365	-0.469917	-0.460695
-0.783365	-0.469917	-0.460695
-0.887603	0.0221799	-0.257068
-0.887603	0.0221799	-0.257068
-0.887603	0.0221799	-0.257068
-0.887603	0.0221799	-0.257068
-0.887603	0.0221799	-0.257068
-0.887603	0.0221799	-0.257068
-0.887603	0.0221799	-0.257068
-0.887603	0.0221799	-0.257068
-0.887603	0.0221799	-0.257068
-0.887603	0.0221799	-0.257068
-0.887603	0.0221799	-0.257068
-0.926873	0.416343	-0.195011
-0.926873	0.416343	-0.195011
-0.926873	0.416343	-0.195011
-0.926873	0.416343	-0.195011
-0.926873	0.416343	-0.195011
-0.926873	0.416343	-0.195011
-0.926873	0.416343	-0.195011
-0.926873	0.416343	-0.195011
-0.926873	0.416343	-0.195011
-0.926873	0.416343	-0.195011
-0.926873	0.416343	-0.195011
-0.495379	0.965649	-0.100955
-0.495379	0.965649	-0.100955
-0.495379	0.965649	-0.100955
-0.495379	0.965649	-0.100955
-0.495379	0.965649	-0.100955
-0.495379	0.965649	-0.100955
-0.495379	0.965649	-0.100955
-0.495379	0.965649	-0.100955
-0.495379	0.965649	-0.100955
-0.495379	0.965649	-0.100955
-0.351871	0.988921	-0.0767134
-0.351871	0.988921	-0.0767134
-0.273329	0.915712	-0.0248371

-0.815364	-0.442282	-0.487845
-0.761063	-0.42192	-0.468452
-0.761063	-0.42192	-0.468452
-0.761063	-0.42192	-0.468452
-0.795001	-0.542156	-0.467967
-0.795001	-0.542156	-0.467967
-0.795001	-0.542156	-0.467967
-0.795001	-0.542156	-0.467967
-0.795001	-0.542156	-0.467967
-0.795001	-0.542156	-0.467967
-0.795001	-0.542156	-0.467967
-0.795001	-0.542156	-0.467967
-0.795001	-0.542156	-0.467967
-0.795001	-0.542156	-0.467967
-0.795001	-0.542156	-0.467967
-0.795001	-0.542156	-0.467967
-0.939964	0.0212102	-0.294885
-0.939964	0.0212102	-0.294885
-0.939964	0.0212102	-0.294885
-0.939964	0.0212102	-0.294885
-0.939964	0.0212102	-0.294885
-0.939964	0.0212102	-0.294885
-0.939964	0.0212102	-0.294885
-0.939964	0.0212102	-0.294885
-0.939964	0.0212102	-0.294885
-0.939964	0.0212102	-0.294885
-0.939964	0.0212102	-0.294885
-0.774154	0.63015	-0.0316247
-0.774154	0.63015	-0.0316247
-0.774154	0.63015	-0.0316247
-0.774154	0.63015	-0.0316247
-0.774154	0.63015	-0.0316247
-0.774154	0.63015	-0.0316247
-0.774154	0.63015	-0.0316247
-0.774154	0.63015	-0.0316247
-0.774154	0.63015	-0.0316247
-0.774154	0.63015	-0.0316247
-0.774154	0.63015	-0.0316247
-0.774154	0.63015	-0.0316247
-0.540468	1.16637	0.0178275
-0.540468	1.16637	0.0178275
-0.540468	1.16637	0.0178275
-0.540468	1.16637	0.0178275
-0.540468	1.16637	0.0178275
-0.540468	1.16637	0.0178275
-0.540468	1.16637	0.0178275
-0.540468	1.16637	0.0178275
-0.540468	1.16637	0.0178275
-0.540468	1.16637	0.0178275
-0.540468	1.16637	0.0178275
-0.21515	0.922985	-0.0912581
-0.21515	0.922985	-0.0912581
-0.21515	0.922985	-0.0912581
-0.21515	0.922985	-0.0912581
-0.21515	0.922985	-0.0912581
-0.21515	0.922985	-0.0912581
-0.21515	0.922985	-0.0912581
-0.21515	0.922985	-0.0912581
-0.21515	0.922985	-0.0912581
-0.21515	0.922985	-0.0912581
-0.21515	0.922985	-0.0912581
-0.21515	0.922985	-0.0912581

-0.787729	-0.467978	-0.44518
-0.787729	-0.467978	-0.44518
-0.787729	-0.467978	-0.44518
-0.787729	-0.467978	-0.44518
-0.787729	-0.467978	-0.44518
-0.787729	-0.467978	-0.44518
-0.780941	-0.4641	-0.433545
-0.780941	-0.4641	-0.433545
-0.780941	-0.4641	-0.433545
-0.780941	-0.4641	-0.433545
-0.786759	-0.48931	-0.419485
-0.786759	-0.48931	-0.419485
-0.786759	-0.48931	-0.419485
-0.786759	-0.48931	-0.419485
-0.786759	-0.48931	-0.419485
-0.786759	-0.48931	-0.419485
-0.786759	-0.48931	-0.419485
-0.730035	-0.458282	-0.433545
-0.730035	-0.458282	-0.433545
-0.730035	-0.458282	-0.433545
-0.730035	-0.458282	-0.433545
-0.730035	-0.458282	-0.433545
-0.730035	-0.458282	-0.433545
-0.730035	-0.458282	-0.433545
-0.730035	-0.458282	-0.433545
-0.730035	-0.458282	-0.433545
-0.860937	-0.38071	-0.433545
-0.860937	-0.38071	-0.433545
-0.534165	0.387738	-0.312823
-0.534165	0.387738	-0.312823
-0.534165	0.387738	-0.312823
-0.534165	0.387738	-0.312823
-0.534165	0.387738	-0.312823
-0.534165	0.387738	-0.312823
-0.534165	0.387738	-0.312823
-0.534165	0.387738	-0.312823
-0.534165	0.387738	-0.312823
-0.534165	0.387738	-0.312823
-0.534165	0.387738	-0.312823
-0.735368	0.494399	-0.151861
-0.735368	0.494399	-0.151861
-0.735368	0.494399	-0.151861
-0.735368	0.494399	-0.151861
-0.735368	0.494399	-0.151861
-0.735368	0.494399	-0.151861
-0.735368	0.494399	-0.151861
-0.735368	0.494399	-0.151861
-0.735368	0.494399	-0.151861
-0.735368	0.494399	-0.151861
-0.735368	0.494399	-0.151861
-0.296116	0.88129	0.00861579
-0.296116	0.88129	0.00861579
-0.296116	0.88129	0.00861579
-0.296116	0.88129	0.00861579
-0.296116	0.88129	0.00861579
-0.296116	0.88129	0.00861579
-0.296116	0.88129	0.00861579
-0.296116	0.88129	0.00861579
-0.296116	0.88129	0.00861579
-0.296116	0.88129	0.00861579
-0.296116	0.88129	0.00861579

-0.906026	-0.0825423	-0.418515
-0.906026	-0.0825423	-0.418515
-0.906026	-0.0825423	-0.418515
-0.906026	-0.0825423	-0.418515
-0.906026	-0.0825423	-0.418515
-0.906026	-0.0825423	-0.418515
-0.906026	-0.0825423	-0.418515
-0.906026	-0.0825423	-0.418515
-0.906026	-0.0825423	-0.418515
-0.906026	-0.0825423	-0.418515
-0.892451	-0.288593	-0.423363
-0.892451	-0.288593	-0.423363
-0.892451	-0.288593	-0.423363
-0.892451	-0.288593	-0.423363
-0.892451	-0.288593	-0.423363
-0.892451	-0.288593	-0.423363
-0.892451	-0.288593	-0.423363
-0.892451	-0.288593	-0.423363
-0.892451	-0.288593	-0.423363
-0.892451	-0.288593	-0.423363
-0.892451	-0.288593	-0.423363
-0.928328	0.445432	-0.15574
-0.928328	0.445432	-0.15574
-0.928328	0.445432	-0.15574
-0.928328	0.445432	-0.15574
-0.928328	0.445432	-0.15574
-0.928328	0.445432	-0.15574
-0.928328	0.445432	-0.15574
-0.928328	0.445432	-0.15574
-0.928328	0.445432	-0.15574
-0.928328	0.445432	-0.15574
-0.928328	0.445432	-0.15574
-0.928328	0.445432	-0.15574
-0.667007	0.767356	-0.120832
-0.667007	0.767356	-0.120832
-0.667007	0.767356	-0.120832
-0.667007	0.767356	-0.120832
-0.667007	0.767356	-0.120832
-0.667007	0.767356	-0.120832
-0.667007	0.767356	-0.120832
-0.667007	0.767356	-0.120832
-0.667007	0.767356	-0.120832
-0.667007	0.767356	-0.120832
-0.667007	0.767356	-0.120832
-0.425564	0.902622	0.112853
-0.425564	0.902622	0.112853
-0.425564	0.902622	0.112853
-0.425564	0.902622	0.112853
-0.425564	0.902622	0.112853
-0.425564	0.902622	0.112853
-0.425564	0.902622	0.112853
-0.425564	0.902622	0.112853
-0.425564	0.902622	0.112853
-0.425564	0.902622	0.112853
-0.425564	0.902622	0.112853
-0.425564	0.902622	0.112853

-0.850756	-0.255625	-0.488815
-0.850756	-0.255625	-0.488815
-0.850756	-0.255625	-0.488815
-0.850756	-0.255625	-0.488815
-0.850756	-0.255625	-0.488815
-0.850756	-0.255625	-0.488815
-0.850756	-0.255625	-0.488815
-0.850756	-0.255625	-0.488815
-0.850756	-0.255625	-0.488815
-0.850756	-0.255625	-0.488815
-0.850756	-0.255625	-0.488815
-0.850756	-0.255625	-0.488815
-0.837181	-0.277442	-0.396213
-0.837181	-0.277442	-0.396213
-0.837181	-0.277442	-0.396213
-0.837181	-0.277442	-0.396213
-0.837181	-0.277442	-0.396213
-0.837181	-0.277442	-0.396213
-0.837181	-0.277442	-0.396213
-0.837181	-0.277442	-0.396213
-0.791607	-0.123752	-0.482997
-0.791607	-0.123752	-0.482997
-0.791607	-0.123752	-0.482997
-0.933176	0.581183	-0.125681
-0.933176	0.581183	-0.125681
-0.933176	0.581183	-0.125681
-0.933176	0.581183	-0.125681
-0.933176	0.581183	-0.125681
-0.933176	0.581183	-0.125681
-0.933176	0.581183	-0.125681
-0.933176	0.581183	-0.125681
-0.933176	0.581183	-0.125681
-0.933176	0.581183	-0.125681
-0.933176	0.581183	-0.125681
-0.933176	0.581183	-0.125681
-0.543862	0.735842	-0.115499
-0.543862	0.735842	-0.115499
-0.543862	0.735842	-0.115499
-0.543862	0.735842	-0.115499
-0.543862	0.735842	-0.115499
-0.543862	0.735842	-0.115499
-0.543862	0.735842	-0.115499
-0.543862	0.735842	-0.115499
-0.543862	0.735842	-0.115499
-0.543862	0.735842	-0.115499
-0.543862	0.735842	-0.115499
-0.332963	0.860927	-0.033564
-0.332963	0.860927	-0.033564
-0.332963	0.860927	-0.033564
-0.332963	0.860927	-0.033564
-0.24327	1.01704	-0.118408
-0.24327	1.01704	-0.118408
-0.24327	1.01704	-0.118408
-0.24327	1.01704	-0.118408
-0.24327	1.01704	-0.118408
-0.24327	1.01704	-0.118408
-0.24327	1.01704	-0.118408
-0.24327	1.01704	-0.118408

-0.838635	-0.284714	-0.466028
-0.838635	-0.284714	-0.466028
-0.838635	-0.284714	-0.466028
-0.838635	-0.284714	-0.466028
-0.838635	-0.284714	-0.466028
-0.838635	-0.284714	-0.466028
-0.838635	-0.284714	-0.466028
-0.838635	-0.284714	-0.466028
-0.838635	-0.284714	-0.466028
-0.838635	-0.284714	-0.466028
-0.838635	-0.284714	-0.466028
-0.77076	-0.299744	-0.496087
-0.77076	-0.299744	-0.496087
-0.77076	-0.299744	-0.496087
-0.77076	-0.299744	-0.496087
-0.77076	-0.299744	-0.496087
-0.77076	-0.299744	-0.496087
-0.77076	-0.299744	-0.496087
-0.77076	-0.299744	-0.496087
-0.77076	-0.299744	-0.496087
-0.77076	-0.299744	-0.496087
-0.77076	-0.299744	-0.496087
-0.924449	0.42216	-0.204707
-0.924449	0.42216	-0.204707
-0.924449	0.42216	-0.204707
-0.924449	0.42216	-0.204707
-0.924449	0.42216	-0.204707
-0.924449	0.42216	-0.204707
-0.924449	0.42216	-0.204707
-0.924449	0.42216	-0.204707
-0.924449	0.42216	-0.204707
-0.879361	0.518641	-0.148952
-0.879361	0.518641	-0.148952
-0.879361	0.518641	-0.148952
-0.916207	0.497308	-0.245917
-0.916207	0.497308	-0.245917
-0.916207	0.497308	-0.245917
-0.916207	0.497308	-0.245917
-0.916207	0.497308	-0.245917
-0.916207	0.497308	-0.245917
-0.916207	0.497308	-0.245917
-0.916207	0.497308	-0.245917
-0.916207	0.497308	-0.245917
-0.916207	0.497308	-0.245917
-0.916207	0.497308	-0.245917
-0.916207	0.497308	-0.245917
-0.731004	0.644695	-0.248826
-0.731004	0.644695	-0.248826
-0.731004	0.644695	-0.248826
-0.731004	0.644695	-0.248826
-0.731004	0.644695	-0.248826
-0.731004	0.644695	-0.248826
-0.731004	0.644695	-0.248826
-0.731004	0.644695	-0.248826
-0.731004	0.644695	-0.248826
-0.731004	0.644695	-0.248826
-0.731004	0.644695	-0.248826

-0.886633	-0.333682	-0.402516
-0.886633	-0.333682	-0.402516
-0.886633	-0.333682	-0.402516
-0.886633	-0.333682	-0.402516
-0.886633	-0.333682	-0.402516
-0.886633	-0.333682	-0.402516
-0.886633	-0.333682	-0.402516
-0.886633	-0.333682	-0.402516
-0.886633	-0.333682	-0.402516
-0.886633	-0.333682	-0.402516
-0.886633	-0.333682	-0.402516
-0.886633	-0.333682	-0.402516
-0.822636	-0.141206	-0.445665
-0.822636	-0.141206	-0.445665
-0.822636	-0.141206	-0.445665
-0.822636	-0.141206	-0.445665
-0.822636	-0.141206	-0.445665
-0.822636	-0.141206	-0.445665
-0.822636	-0.141206	-0.445665
-0.822636	-0.141206	-0.445665
-0.822636	-0.141206	-0.445665
-0.822636	-0.141206	-0.445665
-0.822636	-0.141206	-0.445665
-0.822636	-0.141206	-0.445665
-0.758639	0.739236	-0.253674
-0.758639	0.739236	-0.253674
-0.758639	0.739236	-0.253674
-0.758639	0.739236	-0.253674
-0.758639	0.739236	-0.253674
-0.758639	0.739236	-0.253674
-0.758639	0.739236	-0.253674
-0.785789	0.792082	-0.1698
-0.785789	0.792082	-0.1698
-0.785789	0.792082	-0.1698
-0.785789	0.792082	-0.1698
-0.785789	0.792082	-0.1698
-0.785789	0.792082	-0.1698
-0.61707	0.826989	-0.15477
-0.61707	0.826989	-0.15477
-0.61707	0.826989	-0.15477
-0.61707	0.826989	-0.15477
-0.61707	0.826989	-0.15477
-0.61707	0.826989	-0.15477
-0.61707	0.826989	-0.15477
-0.61707	0.826989	-0.15477
-0.61707	0.826989	-0.15477
-0.61707	0.826989	-0.15477
-0.61707	0.826989	-0.15477
-0.61707	0.826989	-0.15477
-0.440109	0.809536	0.145336
-0.440109	0.809536	0.145336
-0.440109	0.809536	0.145336

-0.94966	-0.0364839	-0.311369
-0.94966	-0.0364839	-0.311369
-0.94966	-0.0364839	-0.311369
-0.94966	-0.0364839	-0.311369
-0.94966	-0.0364839	-0.311369
-0.94966	-0.0364839	-0.311369
-0.94966	-0.0364839	-0.311369
-0.94966	-0.0364839	-0.311369
-0.94966	-0.0364839	-0.311369
-0.94966	-0.0364839	-0.311369
-0.94966	-0.0364839	-0.311369
-0.863846	-0.228475	-0.402516
-0.863846	-0.228475	-0.402516
-0.863846	-0.228475	-0.402516
-0.863846	-0.228475	-0.402516
-0.863846	-0.228475	-0.402516
-0.863846	-0.228475	-0.402516
-0.863846	-0.228475	-0.402516
-0.863846	-0.228475	-0.402516
-0.863846	-0.228475	-0.402516
-0.863846	-0.228475	-0.402516
-0.864331	-0.224596	-0.368578
-0.864331	-0.224596	-0.368578
-0.919116	0.340225	-0.213919
-0.919116	0.340225	-0.213919
-0.919116	0.340225	-0.213919
-0.919116	0.340225	-0.213919
-0.919116	0.340225	-0.213919
-0.919116	0.340225	-0.213919
-0.919116	0.340225	-0.213919
-0.919116	0.340225	-0.213919
-0.919116	0.340225	-0.213919
-0.919116	0.340225	-0.213919
-0.919116	0.340225	-0.213919
-0.919116	0.340225	-0.213919
-0.862877	0.657301	-0.156225
-0.862877	0.657301	-0.156225
-0.862877	0.657301	-0.156225
-0.862877	0.657301	-0.156225
-0.862877	0.657301	-0.156225
-0.862877	0.657301	-0.156225
-0.862877	0.657301	-0.156225
-0.862877	0.657301	-0.156225
-0.862877	0.657301	-0.156225
-0.862877	0.657301	-0.156225
-0.862877	0.657301	-0.156225
-0.862877	0.657301	-0.156225
-0.614646	1.02237	0.0449777
-0.614646	1.02237	0.0449777
-0.614646	1.02237	0.0449777
-0.614646	1.02237	0.0449777
-0.614646	1.02237	0.0449777
-0.614646	1.02237	0.0449777
-0.614646	1.02237	0.0449777
-0.614646	1.02237	0.0449777
-0.614646	1.02237	0.0449777
-0.614646	1.02237	0.0449777
-0.614646	1.02237	0.0449777
-0.614646	1.02237	0.0449777

-0.942388	-0.110177	-0.421424
-0.888572	-0.163993	-0.440332
-0.888572	-0.163993	-0.440332
-0.888572	-0.163993	-0.440332
-0.888572	-0.163993	-0.440332
-0.888572	-0.163993	-0.440332
-0.888572	-0.163993	-0.440332
-0.888572	-0.163993	-0.440332
-0.888572	-0.163993	-0.440332
-0.888572	-0.163993	-0.440332
-0.888572	-0.163993	-0.440332
-0.888572	-0.163993	-0.440332
-0.888572	-0.163993	-0.440332
-0.871603	-0.211991	-0.434514
-0.871603	-0.211991	-0.434514
-0.871603	-0.211991	-0.434514
-0.871603	-0.211991	-0.434514
-0.871603	-0.211991	-0.434514
-0.871603	-0.211991	-0.434514
-0.871603	-0.211991	-0.434514
-0.871603	-0.211991	-0.434514
-0.871603	-0.211991	-0.434514
-0.871603	-0.211991	-0.434514
-0.871603	-0.211991	-0.434514
-0.871603	-0.211991	-0.434514
-0.903602	0.214171	-0.46118
-0.903602	0.214171	-0.46118
-0.903602	0.214171	-0.46118
-0.860452	0.189444	-0.242524
-0.860452	0.189444	-0.242524
-0.860452	0.189444	-0.242524
-0.860452	0.189444	-0.242524
-0.860452	0.189444	-0.242524
-0.860452	0.189444	-0.242524
-0.860452	0.189444	-0.242524
-0.860452	0.189444	-0.242524
-0.860452	0.189444	-0.242524
-0.860452	0.189444	-0.242524
-0.698521	0.514762	-0.308945
-0.698521	0.514762	-0.308945
-0.698521	0.514762	-0.308945
-0.698521	0.514762	-0.308945
-0.698521	0.514762	-0.308945
-0.698521	0.514762	-0.308945
-0.698521	0.514762	-0.308945
-0.698521	0.514762	-0.308945
-0.698521	0.514762	-0.308945
-0.698521	0.514762	-0.308945
-0.698521	0.514762	-0.308945
-0.698521	0.514762	-0.308945
-0.698521	0.514762	-0.308945
-0.210787	0.9768	-0.0413212

-0.885663	-0.0587859	-0.422394
-0.885663	-0.0587859	-0.422394
-0.869179	-0.097087	-0.500935
-0.865301	-0.0995112	-0.484936
-0.865301	-0.0995112	-0.484936
-0.865301	-0.0995112	-0.484936
-0.865301	-0.0995112	-0.484936
-0.865301	-0.0995112	-0.484936
-0.865301	-0.0995112	-0.484936
-0.865301	-0.0995112	-0.484936
-0.865301	-0.0995112	-0.484936
-0.865301	-0.0995112	-0.484936
-0.865301	-0.0995112	-0.484936
-0.865301	-0.0995112	-0.484936
-0.916207	-0.195022	-0.454877
-0.916207	-0.195022	-0.454877
-0.910874	-0.148478	-0.259492
-0.910874	-0.148478	-0.259492
-0.910874	-0.148478	-0.259492
-0.910874	-0.148478	-0.259492
-0.910874	-0.148478	-0.259492
-0.910874	-0.148478	-0.259492
-0.910874	-0.148478	-0.259492
-0.910874	-0.148478	-0.259492
-0.910874	-0.148478	-0.259492
-0.910874	-0.148478	-0.259492
-0.829424	0.441553	-0.254159
-0.829424	0.441553	-0.254159
-0.829424	0.441553	-0.254159
-0.829424	0.441553	-0.254159
-0.829424	0.441553	-0.254159
-0.829424	0.441553	-0.254159
-0.829424	0.441553	-0.254159
-0.703369	0.667967	-0.236221
-0.703369	0.667967	-0.236221
-0.703369	0.667967	-0.236221
-0.703369	0.667967	-0.236221
-0.703369	0.667967	-0.236221
-0.704824	0.734873	-0.139741
-0.704824	0.734873	-0.139741
-0.704824	0.734873	-0.139741
-0.704824	0.734873	-0.139741
-0.704824	0.734873	-0.139741
-0.704824	0.734873	-0.139741
-0.704824	0.734873	-0.139741
-0.704824	0.734873	-0.139741
-0.704824	0.734873	-0.139741
-0.704824	0.734873	-0.139741
-0.704824	0.734873	-0.139741
-0.704824	0.734873	-0.139741
-0.24327	0.971952	-0.139256

-0.738277	-0.320107	-0.460695
-0.808576	-0.261928	-0.485906
-0.808576	-0.261928	-0.485906
-0.808576	-0.261928	-0.485906
-0.808576	-0.261928	-0.485906
-0.808576	-0.261928	-0.485906
-0.808576	-0.261928	-0.485906
-0.808576	-0.261928	-0.485906
-0.808576	-0.261928	-0.485906
-0.808576	-0.261928	-0.485906
-0.808576	-0.261928	-0.485906
-0.808576	-0.261928	-0.485906
-0.808576	-0.261928	-0.485906
-0.85318	-0.272109	-0.485906
-0.85318	-0.272109	-0.485906
-0.85318	-0.272109	-0.485906
-0.85318	-0.272109	-0.485906
-0.85318	-0.272109	-0.485906
-0.85318	-0.272109	-0.485906
-0.85318	-0.272109	-0.485906
-0.85318	-0.272109	-0.485906
-0.85318	-0.272109	-0.485906
-0.85318	-0.272109	-0.485906
-0.85318	-0.272109	-0.485906
-0.85318	-0.272109	-0.485906
-0.856089	0.518641	-0.458271
-0.856089	0.518641	-0.458271
-0.856089	0.518641	-0.458271
-0.856089	0.518641	-0.458271
-0.856089	0.518641	-0.458271
-0.856089	0.518641	-0.458271
-0.856089	0.518641	-0.458271
-0.856089	0.518641	-0.458271
-0.856089	0.518641	-0.458271
-0.856089	0.518641	-0.458271
-0.856089	0.518641	-0.458271
-0.856089	0.518641	-0.458271
-0.856089	0.518641	-0.458271
-0.818273	0.68639	-0.21004
-0.818273	0.68639	-0.21004
-0.818273	0.68639	-0.21004
-0.818273	0.68639	-0.21004
-0.818273	0.68639	-0.21004
-0.818273	0.68639	-0.21004
-0.818273	0.68639	-0.21004
-0.818273	0.68639	-0.21004
-0.818273	0.68639	-0.21004
-0.818273	0.68639	-0.21004
-0.818273	0.68639	-0.21004
-0.71452	0.769295	-0.2241
-0.303389	0.947226	-0.0301702

-0.805667	-0.380225	-0.450513
-0.805667	-0.380225	-0.450513
-0.805667	-0.380225	-0.450513
-0.805667	-0.380225	-0.450513
-0.805667	-0.380225	-0.450513
-0.832333	-0.429192	-0.446635
-0.832333	-0.429192	-0.446635
-0.832333	-0.429192	-0.446635
-0.832333	-0.429192	-0.446635
-0.832333	-0.429192	-0.446635
-0.832333	-0.429192	-0.446635
-0.832333	-0.429192	-0.446635
-0.832333	-0.429192	-0.446635
-0.900208	-0.0985415	-0.387486
-0.900208	-0.0985415	-0.387486
-0.900208	-0.0985415	-0.387486
-0.900208	-0.0985415	-0.387486
-0.954508	-0.0490894	-0.257553
-0.954508	-0.0490894	-0.257553
-0.954508	-0.0490894	-0.257553
-0.954508	-0.0490894	-0.257553
-0.954508	-0.0490894	-0.257553
-0.954508	-0.0490894	-0.257553
-0.954508	-0.0490894	-0.257553
-0.954508	-0.0490894	-0.257553
-0.954508	-0.0490894	-0.257553
-0.786759	0.360588	-0.1698
-0.786759	0.360588	-0.1698
-0.786759	0.360588	-0.1698
-0.786759	0.360588	-0.1698
-0.786759	0.360588	-0.1698
-0.786759	0.360588	-0.1698
-0.786759	0.360588	-0.1698
-0.786759	0.360588	-0.1698
-0.786759	0.360588	-0.1698
-0.786759	0.360588	-0.1698
-0.786759	0.360588	-0.1698
-0.786759	0.360588	-0.1698
-0.786759	0.360588	-0.1698
-0.283511	1.03837	-0.00689861
-0.283511	1.03837	-0.00689861
-0.283511	1.03837	-0.00689861
-0.283511	1.03837	-0.00689861
-0.283511	1.03837	-0.00689861
-0.283511	1.03837	-0.00689861
-0.283511	1.03837	-0.00689861
-0.283511	1.03837	-0.00689861
-0.283511	1.03837	-0.00689861
-0.283511	1.03837	-0.00689861
-0.283511	1.03837	-0.00689861
-0.283511	1.03837	-0.00689861
-0.283511	1.03837	-0.00689861

-0.761063	-0.358892	-0.50142
-0.761063	-0.358892	-0.50142
-0.761063	-0.358892	-0.50142
-0.761063	-0.358892	-0.50142
-0.761063	-0.358892	-0.50142
-0.761063	-0.358892	-0.50142
-0.761063	-0.358892	-0.50142
-0.761063	-0.358892	-0.50142
-0.761063	-0.358892	-0.50142
-0.761063	-0.358892	-0.50142
-0.761063	-0.358892	-0.50142
-0.761063	-0.358892	-0.50142
-0.761063	-0.358892	-0.50142
-0.945782	0.442038	-0.0835009
-0.945782	0.442038	-0.0835009
-0.945782	0.442038	-0.0835009
-0.945782	0.442038	-0.0835009
-0.945782	0.442038	-0.0835009
-0.945782	0.442038	-0.0835009
-0.945782	0.442038	-0.0835009
-0.725186	0.544336	-0.273552
-0.725186	0.544336	-0.273552
-0.725186	0.544336	-0.273552
-0.725186	0.544336	-0.273552
-0.725186	0.544336	-0.273552
-0.725186	0.544336	-0.273552
-0.337326	0.815838	0.082794
-0.337326	0.815838	0.082794
-0.337326	0.815838	0.082794
-0.337326	0.815838	0.082794
-0.337326	0.815838	0.082794
-0.337326	0.815838	0.082794
-0.337326	0.815838	0.082794
-0.337326	0.815838	0.082794
-0.337326	0.815838	0.082794
-0.337326	0.815838	0.082794
-0.337326	0.815838	0.082794
-0.337326	0.815838	0.082794
-0.337326	0.815838	0.082794
-0.337326	0.815838	0.082794
-0.267027	0.964195	-0.0122317
-0.267027	0.964195	-0.0122317
-0.267027	0.964195	-0.0122317
-0.267027	0.964195	-0.0122317
-0.267027	0.964195	-0.0122317
-0.267027	0.964195	-0.0122317
-0.267027	0.964195	-0.0122317
-0.267027	0.964195	-0.0122317
-0.267027	0.964195	-0.0122317
-0.267027	0.964195	-0.0122317
-0.267027	0.964195	-0.0122317
-0.267027	0.964195	-0.0122317
-0.267027	0.964195	-0.0122317
-0.28642	0.929287	-0.000111057

-0.806637	-0.36568	-0.480573
-0.806637	-0.36568	-0.480573
-0.806637	-0.36568	-0.480573
-0.806637	-0.36568	-0.480573
-0.806637	-0.36568	-0.480573
-0.806637	-0.36568	-0.480573
-0.806637	-0.36568	-0.480573
-0.806637	-0.36568	-0.480573
-0.806637	-0.36568	-0.480573
-0.806637	-0.36568	-0.480573
-0.806637	-0.36568	-0.480573
-0.806637	-0.36568	-0.480573
-0.806637	-0.36568	-0.480573
-0.771729	-0.479614	-0.363245
-0.771729	-0.479614	-0.363245
-0.771729	-0.479614	-0.363245
-0.771729	-0.479614	-0.363245
-0.771729	-0.479614	-0.363245
-0.771729	-0.479614	-0.363245
-0.771729	-0.479614	-0.363245
-0.771729	-0.479614	-0.363245
-0.771729	-0.479614	-0.363245
-0.771729	-0.479614	-0.363245
-0.771729	-0.479614	-0.363245
-0.771729	-0.479614	-0.363245
-0.771729	-0.479614	-0.363245
-0.860452	0.251502	-0.316217
-0.860452	0.251502	-0.316217
-0.860452	0.251502	-0.316217
-0.860452	0.251502	-0.316217
-0.860452	0.251502	-0.316217
-0.860452	0.251502	-0.316217
-0.860452	0.251502	-0.316217
-0.860452	0.251502	-0.316217
-0.860452	0.251502	-0.316217
-0.860452	0.251502	-0.316217
-0.860452	0.251502	-0.316217
-0.860452	0.251502	-0.316217
-0.860452	0.251502	-0.316217
-0.756215	-0.0166061	-0.226524
-0.756215	-0.0166061	-0.226524
-0.756215	-0.0166061	-0.226524
-0.756215	-0.0166061	-0.226524
-0.756215	-0.0166061	-0.226524
-0.756215	-0.0166061	-0.226524
-0.756215	-0.0166061	-0.226524
-0.756215	-0.0166061	-0.226524
-0.756215	-0.0166061	-0.226524
-0.756215	-0.0166061	-0.226524
-0.756215	-0.0166061	-0.226524
-0.756215	-0.0166061	-0.226524
-0.756215	-0.0166061	-0.226524
-0.325206	0.828444	0.0871574
-0.325206	0.828444	0.0871574
-0.325206	0.828444	0.0871574
-0.325206	0.828444	0.0871574
-0.325206	0.828444	0.0871574
-0.325206	0.828444	0.0871574
-0.325206	0.828444	0.0871574
-0.325206	0.828444	0.0871574
-0.325206	0.828444	0.0871574
-0.325206	0.828444	0.0871574
-0.325206	0.828444	0.0871574
-0.325206	0.828444	0.0871574
-0.325206	0.828444	0.0871574

-0.857059	-0.1989	-0.485421
-0.857059	-0.1989	-0.485421
-0.857059	-0.1989	-0.485421
-0.857059	-0.1989	-0.485421
-0.857059	-0.1989	-0.485421
-0.857059	-0.1989	-0.485421
-0.857059	-0.1989	-0.485421
-0.870634	-0.219748	-0.504814
-0.870634	-0.219748	-0.504814
-0.870634	-0.219748	-0.504814
-0.870634	-0.219748	-0.504814
-0.870634	-0.219748	-0.504814
-0.820697	-0.0655734	-0.582386
-0.820697	-0.0655734	-0.582386
-0.820697	-0.0655734	-0.582386
-0.820697	-0.0655734	-0.582386
-0.820697	-0.0655734	-0.582386
-0.820697	-0.0655734	-0.582386
-0.820697	-0.0655734	-0.582386
-0.820697	-0.0655734	-0.582386
-0.820697	-0.0655734	-0.582386
-0.820697	-0.0655734	-0.582386
-0.820697	-0.0655734	-0.582386
-0.820697	-0.0655734	-0.582386
-0.820697	-0.0655734	-0.582386
-0.777063	0.652937	-0.176103
-0.777063	0.652937	-0.176103
-0.777063	0.652937	-0.176103
-0.777063	0.652937	-0.176103
-0.777063	0.652937	-0.176103
-0.777063	0.652937	-0.176103
-0.777063	0.652937	-0.176103
-0.777063	0.652937	-0.176103
-0.777063	0.652937	-0.176103
-0.777063	0.652937	-0.176103
-0.777063	0.652937	-0.176103
-0.777063	0.652937	-0.176103
-0.777063	0.652937	-0.176103
0.093683	1.32975	-0.21004
0.093683	1.32975	-0.21004
0.093683	1.32975	-0.21004
0.093683	1.32975	-0.21004
0.093683	1.32975	-0.21004
0.093683	1.32975	-0.21004
0.093683	1.32975	-0.21004
0.093683	1.32975	-0.21004
0.093683	1.32975	-0.21004
0.093683	1.32975	-0.21004
0.093683	1.32975	-0.21004
0.093683	1.32975	-0.21004
0.093683	1.32975	-0.21004
-0.276238	0.568578	0.184607

-0.845908	-0.261443	-0.506753
-0.845908	-0.261443	-0.506753
-0.845908	-0.261443	-0.506753
-0.845908	-0.261443	-0.506753
-0.845908	-0.261443	-0.506753
-0.845908	-0.261443	-0.506753
-0.845908	-0.261443	-0.506753
-0.845908	-0.261443	-0.506753
-0.845908	-0.261443	-0.506753
-0.845908	-0.261443	-0.506753
-0.845908	-0.261443	-0.506753
-0.845908	-0.261443	-0.506753
-0.845908	-0.261443	-0.506753
-0.844938	-0.355499	-0.522752
-0.844938	-0.355499	-0.522752
-0.844938	-0.355499	-0.522752
-0.844938	-0.355499	-0.522752
-0.844938	-0.355499	-0.522752
-0.844938	-0.355499	-0.522752
-0.844938	-0.355499	-0.522752
-0.844938	-0.355499	-0.522752
-0.844938	-0.355499	-0.522752
-0.844938	-0.355499	-0.522752
-0.844938	-0.355499	-0.522752
-0.844938	-0.355499	-0.522752
-0.844938	-0.355499	-0.522752
-0.844938	-0.355499	-0.522752
-0.858998	0.364951	-0.258523
-0.858998	0.364951	-0.258523
-0.858998	0.364951	-0.258523
-0.858998	0.364951	-0.258523
-0.858998	0.364951	-0.258523
-0.858998	0.364951	-0.258523
-0.858998	0.364951	-0.258523
-0.858998	0.364951	-0.258523
-0.858998	0.364951	-0.258523
-0.858998	0.364951	-0.258523
-0.858998	0.364951	-0.258523
-0.858998	0.364951	-0.258523
-0.858998	0.364951	-0.258523
-0.858998	0.364951	-0.258523
-0.411989	0.764447	-0.23719
-0.411989	0.764447	-0.23719
-0.411989	0.764447	-0.23719
-0.411989	0.764447	-0.23719
-0.411989	0.764447	-0.23719
-0.411989	0.764447	-0.23719
-0.389687	0.922985	-0.180951
-0.389687	0.922985	-0.180951
-0.389687	0.922985	-0.180951
-0.389687	0.922985	-0.180951
-0.389687	0.922985	-0.180951
-0.389687	0.922985	-0.180951
-0.389687	0.922985	-0.180951
-0.364961	0.847837	-0.00980756
-0.364961	0.847837	-0.00980756
-0.364961	0.847837	-0.00980756
-0.364961	0.847837	-0.00980756
-0.364961	0.847837	-0.00980756
-0.364961	0.847837	-0.00980756
-0.364961	0.847837	-0.00980756
-0.364961	0.847837	-0.00980756
-0.364961	0.847837	-0.00980756
-0.364961	0.847837	-0.00980756
-0.364961	0.847837	-0.00980756
-0.364961	0.847837	-0.00980756
-0.364961	0.847837	-0.00980756
-0.364961	0.847837	-0.00980756