-0.64616	0.762023	-0.445665
-0.64616	0.762023	-0.445665
-0.644221	0.803233	-0.452938
-0.644221	0.803233	-0.452938
-0.644221	0.803233	-0.452938
-0.233089	0.981648	-0.239615
-0.233089	0.981648	-0.239615
-0.233089	0.981648	-0.239615
-0.233089	0.981648	-0.239615
-0.233089	0.981648	-0.239615
-0.233089	0.981648	-0.239615
-0.233089	0.981648	-0.239615
-0.233089	0.981648	-0.239615
-0.233089	0.981648	-0.239615
-0.233089	0.981648	-0.239615
-0.233089	0.981648	-0.239615
-0.233089	0.981648	-0.239615
-0.233089	0.981648	-0.239615
-0.233089	0.981648	-0.239615
-0.233089	0.981648	-0.239615
-0.38193	1.0185	0.0813395
-0.38193	1.0185	0.0813395
-0.38193	1.0185	0.0813395
-0.38193	1.0185	0.0813395
-0.38193	1.0185	0.0813395
-0.38193	1.0185	0.0813395
-0.38193	1.0185	0.0813395
-0.38193	1.0185	0.0813395
-0.38193	1.0185	0.0813395
-0.159396	1.05874	-0.0781679
-0.159396	1.05874	-0.0781679
-0.159396	1.05874	-0.0781679
-0.159396	1.05874	-0.0781679
-0.159396	1.05874	-0.0781679
-0.261209	0.836686	0.0585528
-0.261209	0.836686	0.0585528
-0.261209	0.836686	0.0585528
-0.261209	0.836686	0.0585528
-0.261209	0.836686	0.0585528
-0.261209	0.836686	0.0585528
-0.261209	0.836686	0.0585528
-0.261209	0.836686	0.0585528
-0.261209	0.836686	0.0585528
-0.261209	0.836686	0.0585528
-0.261209	0.836686	0.0585528
-0.261209	0.836686	0.0585528
-0.261209	0.836686	0.0585528
-0.261209	0.836686	0.0585528
-0.261209	0.836686	0.0585528
-0.541438	0.636453	0.093945

-0.721308	0.494884	0.0682493
-0.721308	0.494884	0.0682493
-0.721308	0.494884	0.0682493
-0.721308	0.494884	0.0682493
-0.721308	0.494884	0.0682493
-0.721308	0.494884	0.0682493
-0.721308	0.494884	0.0682493
-0.721308	0.494884	0.0682493
-0.721308	0.494884	0.0682493
-0.721308	0.494884	0.0682493
-0.721308	0.494884	0.0682493
-0.721308	0.494884	0.0682493
-0.721308	0.494884	0.0682493
-0.468714	0.912803	0.00473719
-0.468714	0.912803	0.00473719
-0.468714	0.912803	0.00473719
-0.468714	0.912803	0.00473719
-0.468714	0.912803	0.00473719
-0.468714	0.912803	0.00473719
-0.468714	0.912803	0.00473719
-0.468714	0.912803	0.00473719
-0.468714	0.912803	0.00473719
-0.468714	0.912803	0.00473719
-0.468714	0.912803	0.00473719
-0.468714	0.912803	0.00473719
-0.468714	0.912803	0.00473719
-0.468714	0.912803	0.00473719
-0.501682	1.18382	-0.025322
-0.501682	1.18382	-0.025322
-0.392112	0.482279	0.144367
-0.392112	0.482279	0.144367
-0.392112	0.482279	0.144367
-0.392112	0.482279	0.144367
-0.392112	0.482279	0.144367
-0.392112	0.482279	0.144367
-0.392112	0.482279	0.144367
-0.392112	0.482279	0.144367
-0.392112	0.482279	0.144367
-0.392112	0.482279	0.144367
-0.392112	0.482279	0.144367
-0.392112	0.482279	0.144367
-0.241331	1.01656	-0.00156553
-0.241331	1.01656	-0.00156553
-0.241331	1.01656	-0.00156553
-0.241331	1.01656	-0.00156553
-0.241331	1.01656	-0.00156553
-0.241331	1.01656	-0.00156553
-0.241331	1.01656	-0.00156553
-0.241331	1.01656	-0.00156553
-0.241331	1.01656	-0.00156553
-0.241331	1.01656	-0.00156553
-0.241331	1.01656	-0.00156553
-0.241331	1.01656	-0.00156553
-0.241331	1.01656	-0.00156553
-0.241331	1.01656	-0.00156553
-0.241331	1.01656	-0.00156553
-0.42508	0.775598	0.220969

-0.267027	0.996193	-0.317671
-0.267027	0.996193	-0.317671
-0.491016	0.76881	0.0183123
-0.491016	0.76881	0.0183123
-0.491016	0.76881	0.0183123
-0.491016	0.76881	0.0183123
-0.491016	0.76881	0.0183123
-0.491016	0.76881	0.0183123
-0.491016	0.76881	0.0183123
-0.491016	0.76881	0.0183123
-0.491016	0.76881	0.0183123
-0.491016	0.76881	0.0183123
-0.491016	0.76881	0.0183123
-0.491016	0.76881	0.0183123
-0.491016	0.76881	0.0183123
-0.945782	0.680087	0.0963691
-0.945782	0.680087	0.0963691
-0.945782	0.680087	0.0963691
-0.945782	0.680087	0.0963691
-0.945782	0.680087	0.0963691
-0.945782	0.680087	0.0963691
-0.945782	0.680087	0.0963691
-0.945782	0.680087	0.0963691
-0.945782	0.680087	0.0963691
-0.945782	0.680087	0.0963691
-0.945782	0.680087	0.0963691
-0.945782	0.680087	0.0963691
-0.945782	0.680087	0.0963691
-0.945782	0.680087	0.0963691
-0.945782	0.680087	0.0963691
-1.06747	0.225322	0.189455
-1.06747	0.225322	0.189455
-1.06747	0.225322	0.189455
-1.06747	0.225322	0.189455
-1.06747	0.225322	0.189455
-1.06747	0.225322	0.189455
-1.06747	0.225322	0.189455
-1.06747	0.225322	0.189455
-1.06747	0.225322	0.189455
-1.06747	0.225322	0.189455
-1.06747	0.225322	0.189455
-1.06747	0.225322	0.189455
-1.06747	0.225322	0.189455
-1.06747	0.225322	0.189455
-1.06747	0.225322	0.189455
-1.06747	0.225322	0.189455

-0.922025	0.225322	0.21806
-1.00105	0.160355	0.117217
-1.00105	0.160355	0.117217
-1.00105	0.160355	0.117217
-1.00105	0.160355	0.117217
-1.00105	0.160355	0.117217
-1.00105	0.160355	0.117217
-1.00105	0.160355	0.117217
-1.00105	0.160355	0.117217
-1.00105	0.160355	0.117217
-1.00105	0.160355	0.117217
-1.00105	0.160355	0.117217
-1.00105	0.160355	0.117217
-1.00105	0.160355	0.117217
-1.00105	0.160355	0.117217
-1.00105	0.160355	0.117217
-0.192849	0.696087	0.274785
-0.192849	0.696087	0.274785
-0.192849	0.696087	0.274785
-0.192849	0.696087	0.274785
-0.192849	0.696087	0.274785
-0.192849	0.696087	0.274785
-0.192849	0.696087	0.274785
-0.192849	0.696087	0.274785
-0.192849	0.696087	0.274785
-0.192849	0.696087	0.274785
-0.192849	0.696087	0.274785
-0.192849	0.696087	0.274785
-0.192849	0.696087	0.274785
-0.192849	0.696087	0.274785
-0.192849	0.696087	0.274785
-0.292238	0.757659	0.0924905
-0.292238	0.757659	0.0924905
-0.292238	0.757659	0.0924905
-0.292238	0.757659	0.0924905
-0.292238	0.757659	0.0924905
-0.292238	0.757659	0.0924905
-0.292238	0.757659	0.0924905
-0.292238	0.757659	0.0924905
-0.292238	0.757659	0.0924905
-0.292238	0.757659	0.0924905
-0.292238	0.757659	0.0924905
-0.292238	0.757659	0.0924905
-0.292238	0.757659	0.0924905
-0.292238	0.757659	0.0924905
-0.292238	0.757659	0.0924905
-0.290298	1.03352	0.196728

-0.230665	0.988921	0.0250998
-0.230665	0.988921	0.0250998
-0.230665	0.988921	0.0250998
-0.230665	0.988921	0.0250998
-0.230665	0.988921	0.0250998
-0.230665	0.988921	0.0250998
-0.230665	0.988921	0.0250998
-0.230665	0.988921	0.0250998
-0.230665	0.988921	0.0250998
-0.230665	0.988921	0.0250998
-0.230665	0.988921	0.0250998
-0.230665	0.988921	0.0250998
-0.230665	0.988921	0.0250998
-0.230665	0.988921	0.0250998
-0.230665	0.988921	0.0250998
-0.242785	0.885653	0.127883
-0.242785	0.885653	0.127883
-0.242785	0.885653	0.127883
-0.242785	0.885653	0.127883
-0.242785	0.885653	0.127883
-0.242785	0.885653	0.127883
-0.242785	0.885653	0.127883
-0.242785	0.885653	0.127883
-0.242785	0.885653	0.127883
-0.242785	0.885653	0.127883
-0.242785	0.885653	0.127883
-0.242785	0.885653	0.127883
-0.242785	0.885653	0.127883
-0.277208	0.751357	0.180244
-0.277208	0.751357	0.180244
-0.38387	0.988436	0.222424
-0.38387	0.988436	0.222424
-0.38387	0.988436	0.222424
-0.38387	0.988436	0.222424
-0.38387	0.988436	0.222424
-0.38387	0.988436	0.222424
-0.38387	0.988436	0.222424
-0.38387	0.988436	0.222424
-0.38387	0.988436	0.222424
-0.38387	0.988436	0.222424
-0.38387	0.988436	0.222424
-0.38387	0.988436	0.222424
-0.38387	0.988436	0.222424
-0.38387	0.988436	0.222424
-0.38387	0.988436	0.222424
-0.155517	0.926863	-0.0190192

-0.346053	0.826504	0.0255847
-0.346053	0.826504	0.0255847
-0.346053	0.826504	0.0255847
-0.346053	0.826504	0.0255847
-0.346053	0.826504	0.0255847
-0.346053	0.826504	0.0255847
-0.346053	0.826504	0.0255847
-0.346053	0.826504	0.0255847
-0.346053	0.826504	0.0255847
-0.346053	0.826504	0.0255847
-0.346053	0.826504	0.0255847
-0.346053	0.826504	0.0255847
-0.346053	0.826504	0.0255847
0.110652	1.08007	0.109944
0.110652	1.08007	0.109944
0.110652	1.08007	0.109944
0.110652	1.08007	0.109944
0.110652	1.08007	0.109944
0.110652	1.08007	0.109944
0.110652	1.08007	0.109944
0.110652	1.08007	0.109944
0.110652	1.08007	0.109944
0.110652	1.08007	0.109944
0.110652	1.08007	0.109944
0.110652	1.08007	0.109944
0.110652	1.08007	0.109944
0.110652	1.08007	0.109944
-0.711126	0.735842	0.117701
-0.711126	0.735842	0.117701
-0.711126	0.735842	0.117701
-0.711126	0.735842	0.117701
-0.711126	0.735842	0.117701
-0.711126	0.735842	0.117701
-0.711126	0.735842	0.117701
-0.711126	0.735842	0.117701
-0.711126	0.735842	0.117701
-0.711126	0.735842	0.117701
-0.711126	0.735842	0.117701
-0.711126	0.735842	0.117701
-0.711126	0.735842	0.117701
-0.711126	0.735842	0.117701
-0.611737	0.698511	0.20594
-0.611737	0.698511	0.20594
-0.611737	0.698511	0.20594
-0.611737	0.698511	0.20594
-0.611737	0.698511	0.20594
-0.611737	0.698511	0.20594
-0.611737	0.698511	0.20594
-0.611737	0.698511	0.20594
-0.611737	0.698511	0.20594
-0.611737	0.698511	0.20594
-0.611737	0.698511	0.20594
-0.611737	0.698511	0.20594
-0.611737	0.698511	0.20594
-0.611737	0.698511	0.20594
-0.472593	0.627241	0.302905
-0.472593	0.627241	0.302905
-0.472593	0.627241	0.302905
-0.472593	0.627241	0.302905
-0.472593	0.627241	0.302905
-0.472593	0.627241	0.302905
-0.472593	0.627241	0.302905

-0.528832	0.786749	0.340236
-0.528832	0.786749	0.340236
-0.528832	0.786749	0.340236
-0.528832	0.786749	0.340236
-0.528832	0.786749	0.340236
-0.528832	0.786749	0.340236
-0.528832	0.786749	0.340236
-0.528832	0.786749	0.340236
-0.528832	0.786749	0.340236
-0.528832	0.786749	0.340236
-0.528832	0.786749	0.340236
-0.528832	0.786749	0.340236
-0.528832	0.786749	0.340236
-0.528832	0.786749	0.340236
-0.317933	0.988921	0.150669
-0.317933	0.988921	0.150669
-0.317933	0.988921	0.150669
-0.317933	0.988921	0.150669
-0.317933	0.988921	0.150669
-0.317933	0.988921	0.150669
-0.317933	0.988921	0.150669
-0.317933	0.988921	0.150669
-0.317933	0.988921	0.150669
-0.317933	0.988921	0.150669
-0.317933	0.988921	0.150669
-0.317933	0.988921	0.150669
-0.317933	0.988921	0.150669
-0.317933	0.988921	0.150669
-0.194788	1.03789	0.00425237
-0.194788	1.03789	0.00425237
-0.194788	1.03789	0.00425237
-0.194788	1.03789	0.00425237
-0.194788	1.03789	0.00425237
-0.194788	1.03789	0.00425237
-0.194788	1.03789	0.00425237
-0.194788	1.03789	0.00425237
-0.194788	1.03789	0.00425237
-0.194788	1.03789	0.00425237
-0.194788	1.03789	0.00425237
-0.194788	1.03789	0.00425237
-0.194788	1.03789	0.00425237
-0.194788	1.03789	0.00425237
-0.194788	1.03789	0.00425237
-0.297571	1.14067	0.154548
-0.297571	1.14067	0.154548
-0.297571	1.14067	0.154548
-0.297571	1.14067	0.154548
-0.297571	1.14067	0.154548
-0.297571	1.14067	0.154548
-0.297571	1.14067	0.154548
-0.297571	1.14067	0.154548
-0.297571	1.14067	0.154548
-0.297571	1.14067	0.154548
-0.297571	1.14067	0.154548
-0.297571	1.14067	0.154548
-0.297571	1.14067	0.154548
-0.297571	1.14067	0.154548
-0.297571	1.14067	0.154548

-0.657311	0.278167	-0.489299
-0.657311	0.278167	-0.489299
-0.657311	0.278167	-0.489299
-0.657311	0.278167	-0.489299
-0.657311	0.278167	-0.489299
-0.657311	0.278167	-0.489299
-0.657311	0.278167	-0.489299
-0.657311	0.278167	-0.489299
-0.657311	0.278167	-0.489299
-0.657311	0.278167	-0.489299
-0.657311	0.278167	-0.489299
-0.657311	0.278167	-0.489299
-0.657311	0.278167	-0.489299
-0.657311	0.278167	-0.489299
-0.657311	0.278167	-0.489299
-1.00202	0.0027869	0.00667649
-1.00202	0.0027869	0.00667649
-1.00202	0.0027869	0.00667649
-1.00202	0.0027869	0.00667649
-1.00202	0.0027869	0.00667649
-1.00202	0.0027869	0.00667649
-1.00202	0.0027869	0.00667649
-1.00202	0.0027869	0.00667649
-1.00202	0.0027869	0.00667649
-1.00202	0.0027869	0.00667649
-1.00202	0.0027869	0.00667649
-1.00202	0.0027869	0.00667649
-1.00202	0.0027869	0.00667649
-1.00202	0.0027869	0.00667649
-1.00202	0.0027869	0.00667649
-1.00202	0.0027869	0.00667649
-1.09559	-0.448585	0.241817
-1.09559	-0.448585	0.241817
-1.09559	-0.448585	0.241817
-1.09559	-0.448585	0.241817
-1.09559	-0.448585	0.241817
-1.09559	-0.448585	0.241817
-1.09559	-0.448585	0.241817
-1.09559	-0.448585	0.241817
-1.09559	-0.448585	0.241817
-1.09559	-0.448585	0.241817
-1.09559	-0.448585	0.241817
-1.09559	-0.448585	0.241817
-1.09559	-0.448585	0.241817
-1.09559	-0.448585	0.241817
-1.09559	-0.448585	0.241817
-0.935115	-0.0621796	0.0255847
-0.935115	-0.0621796	0.0255847
-0.935115	-0.0621796	0.0255847
-0.935115	-0.0621796	0.0255847

-0.988446	0.0735713	-0.113075
-0.988446	0.0735713	-0.113075
-0.988446	0.0735713	-0.113075
-0.988446	0.0735713	-0.113075
-0.988446	0.0735713	-0.113075
-0.981659	0.0658141	-0.119378
-0.981659	0.0658141	-0.119378
-0.981659	0.0658141	-0.119378
-0.981659	0.0658141	-0.119378
-0.981659	0.0658141	-0.119378
-0.981659	0.0658141	-0.119378
-0.981659	0.0658141	-0.119378
-0.981659	0.0658141	-0.119378
-0.981659	0.0658141	-0.119378
-0.966144	0.0599962	-0.208586
-0.966144	0.0599962	-0.208586
-0.966144	0.0599962	-0.208586
-0.966144	0.0599962	-0.208586
-0.966144	0.0599962	-0.208586
-0.966144	0.0599962	-0.208586
-0.966144	0.0599962	-0.208586
-0.966144	0.0599962	-0.208586
-0.966144	0.0599962	-0.208586
-0.966144	0.0599962	-0.208586
-0.966144	0.0599962	-0.208586
-0.966144	0.0599962	-0.208586
-0.966144	0.0599962	-0.208586
-0.966144	0.0599962	-0.208586
-0.966144	0.0599962	-0.208586
-0.987961	0.0706624	-0.206162
-0.987961	0.0706624	-0.206162
-0.987961	0.0706624	-0.206162
-0.987961	0.0706624	-0.206162
-0.987961	0.0706624	-0.206162
-0.987961	0.0706624	-0.206162
-0.987961	0.0706624	-0.206162
-0.987961	0.0706624	-0.206162
-0.987961	0.0706624	-0.206162
-0.974871	0.0706624	-0.195011
-0.974871	0.0706624	-0.195011
-0.974871	0.0706624	-0.195011
-0.974871	0.0706624	-0.195011
-0.974871	0.0706624	-0.195011
-0.974871	0.0706624	-0.195011
-0.93754	-0.437434	0.0813395
-0.93754	-0.437434	0.0813395
-0.93754	-0.437434	0.0813395
-0.93754	-0.437434	0.0813395
-0.93754	-0.437434	0.0813395
-0.93754	-0.437434	0.0813395
-0.93754	-0.437434	0.0813395
-0.93754	-0.437434	0.0813395
-0.93754	-0.437434	0.0813395
-0.93754	-0.437434	0.0813395
-0.93754	-0.437434	0.0813395
-0.93754	-0.437434	0.0813395
-0.93754	-0.437434	0.0813395
-0.93754	-0.437434	0.0813395

-0.708217	-0.233323	0.745065
-0.741185	-0.147994	0.671856
-0.741185	-0.147994	0.671856
-0.741185	-0.147994	0.671856
-0.741185	-0.147994	0.671856
-0.741185	-0.147994	0.671856
-0.741185	-0.147994	0.671856
-0.741185	-0.147994	0.671856
-0.741185	-0.147994	0.671856
-0.741185	-0.147994	0.671856
-0.741185	-0.147994	0.671856
-0.741185	-0.147994	0.671856
-0.741185	-0.147994	0.671856
-1.05826	-0.229444	0.0832788
-1.05826	-0.229444	0.0832788
-1.05826	-0.229444	0.0832788
-1.05826	-0.229444	0.0832788
-1.05826	-0.229444	0.0832788
-1.05826	-0.229444	0.0832788
-1.05826	-0.229444	0.0832788
-1.05923	-0.122298	-0.0364729
-1.05923	-0.122298	-0.0364729
-1.05923	-0.122298	-0.0364729
-1.05923	-0.122298	-0.0364729
-1.05923	-0.122298	-0.0364729
-1.05923	-0.122298	-0.0364729
-1.05923	-0.122298	-0.0364729
-1.05923	-0.122298	-0.0364729
-0.969053	-0.0573314	0.184122
-0.969053	-0.0573314	0.184122
-0.969053	-0.0573314	0.184122
-0.969053	-0.0573314	0.184122
-0.969053	-0.0573314	0.184122
-0.969053	-0.0573314	0.184122
-0.969053	-0.0573314	0.184122
-0.969053	-0.0573314	0.184122
-0.969053	-0.0573314	0.184122
-0.969053	-0.0573314	0.184122
-0.969053	-0.0573314	0.184122
-0.969053	-0.0573314	0.184122
-0.969053	-0.0573314	0.184122
-0.969053	-0.0573314	0.184122
-0.969053	-0.0573314	0.184122
-0.987961	-0.0621796	0.178305
-0.987961	-0.0621796	0.178305
-0.987961	-0.0621796	0.178305
-0.987961	-0.0621796	0.178305
-0.987961	-0.0621796	0.178305
-0.987961	-0.0621796	0.178305
-0.987961	-0.0621796	0.178305
-0.987961	-0.0621796	0.178305
-0.987961	-0.0621796	0.178305
-0.987961	-0.0621796	0.178305
-0.987961	-0.0621796	0.178305
-0.987961	-0.0621796	0.178305
-0.987961	-0.0621796	0.178305
-0.987961	-0.0621796	0.178305
-0.987961	-0.0621796	0.178305

-1.01075	0.0764803	-0.05829
-1.01075	0.0764803	-0.05829
-1.01075	0.0764803	-0.05829
-1.01075	0.0764803	-0.05829
-1.01075	0.0764803	-0.05829
-1.01075	0.0764803	-0.05829
-1.01075	0.0764803	-0.05829
-1.01075	0.0764803	-0.05829
-1.01075	0.0764803	-0.05829
-1.01075	0.0764803	-0.05829
-1.01075	0.0764803	-0.05829
-1.01075	0.0764803	-0.05829
-1.01075	0.0764803	-0.05829
-1.01075	0.0764803	-0.05829
-0.980689	0.0216951	-0.108712
-0.980689	0.0216951	-0.108712
-0.980689	0.0216951	-0.108712
-0.980689	0.0216951	-0.108712
-0.980689	0.0216951	-0.108712
-0.980689	0.0216951	-0.108712
-0.980689	0.0216951	-0.108712
-0.997173	0.0284826	-0.125681
-0.997173	0.0284826	-0.125681
-0.997173	0.0284826	-0.125681
-0.997173	0.0284826	-0.125681
-0.997173	0.0284826	-0.125681
-0.997173	0.0284826	-0.125681
-0.997173	0.0284826	-0.125681
-0.997173	0.0284826	-0.125681
-0.997173	0.0284826	-0.125681
-0.776093	0.0711472	-0.0146558
-0.776093	0.0711472	-0.0146558
-0.776093	0.0711472	-0.0146558
-0.776093	0.0711472	-0.0146558
-0.776093	0.0711472	-0.0146558
-0.776093	0.0711472	-0.0146558
-0.776093	0.0711472	-0.0146558
-0.776093	0.0711472	-0.0146558
-0.776093	0.0711472	-0.0146558
-0.776093	0.0711472	-0.0146558
-0.776093	0.0711472	-0.0146558
-0.776093	0.0711472	-0.0146558
-0.776093	0.0711472	-0.0146558
-0.776093	0.0711472	-0.0146558
-0.776093	0.0711472	-0.0146558
-0.776093	0.0711472	-0.0146558
-0.996203	0.00908962	-0.14071
-0.996203	0.00908962	-0.14071
-0.996203	0.00908962	-0.14071
-0.996203	0.00908962	-0.14071
-0.996203	0.00908962	-0.14071
-0.996203	0.00908962	-0.14071
-0.996203	0.00908962	-0.14071
-0.996203	0.00908962	-0.14071
-0.996203	0.00908962	-0.14071
-0.996203	0.00908962	-0.14071
-0.996203	0.00908962	-0.14071
-0.996203	0.00908962	-0.14071
-0.996203	0.00908962	-0.14071
-0.996203	0.00908962	-0.14071
-0.996203	0.00908962	-0.14071
-0.996203	0.00908962	-0.14071

-1.12905	0.142416	-0.115499
-1.12905	0.142416	-0.115499
-1.12905	0.142416	-0.115499
-1.12905	0.142416	-0.115499
-1.12905	0.142416	-0.115499
-1.12905	0.142416	-0.115499
-1.12905	0.142416	-0.115499
-1.12905	0.142416	-0.115499
-1.12905	0.142416	-0.115499
-1.12905	0.142416	-0.115499
-1.12905	0.142416	-0.115499
-1.12905	0.142416	-0.115499
-1.12905	0.142416	-0.115499
-1.12905	0.142416	-0.115499
-1.12905	0.142416	-0.115499
-0.834757	-0.212475	-0.220222
-0.834757	-0.212475	-0.220222
-0.834757	-0.212475	-0.220222
-0.834757	-0.212475	-0.220222
-0.834757	-0.212475	-0.220222
-0.834757	-0.212475	-0.220222
-0.784335	-0.223142	-0.188223
-0.784335	-0.223142	-0.188223
-0.784335	-0.223142	-0.188223
-0.784335	-0.223142	-0.188223
-0.784335	-0.223142	-0.188223
-0.784335	-0.223142	-0.188223
-0.784335	-0.223142	-0.188223
-0.784335	-0.223142	-0.188223
-0.784335	-0.223142	-0.188223
-0.784335	-0.223142	-0.188223
-0.287874	0.938499	0.0726127
-0.287874	0.938499	0.0726127
-0.287874	0.938499	0.0726127
-0.287874	0.938499	0.0726127
-0.287874	0.938499	0.0726127
-0.287874	0.938499	0.0726127
-0.287874	0.938499	0.0726127
-0.287874	0.938499	0.0726127
-0.287874	0.938499	0.0726127
-0.287874	0.938499	0.0726127
-0.287874	0.938499	0.0726127
-0.287874	0.938499	0.0726127
-0.287874	0.938499	0.0726127
-0.287874	0.938499	0.0726127
-0.287874	0.938499	0.0726127
-0.287874	0.938499	0.0726127
-0.287874	0.938499	0.0726127
-0.388718	0.90747	0.10849
-0.388718	0.90747	0.10849
-0.388718	0.90747	0.10849

-0.301934	-0.56058	-0.00156553
-0.301934	-0.56058	-0.00156553
-0.301934	-0.56058	-0.00156553
-0.301934	-0.56058	-0.00156553
-0.301934	-0.56058	-0.00156553
-0.301934	-0.56058	-0.00156553
-0.301934	-0.56058	-0.00156553
-0.301934	-0.56058	-0.00156553
-0.301934	-0.56058	-0.00156553
-0.301934	-0.56058	-0.00156553
-0.301934	-0.56058	-0.00156553
-0.301934	-0.56058	-0.00156553
-0.301934	-0.56058	-0.00156553
-0.301934	-0.56058	-0.00156553
-0.301934	-0.56058	-0.00156553
-0.301934	-0.56058	-0.00156553
-0.872573	0.883714	-0.259977
-0.872573	0.883714	-0.259977
-0.872573	0.883714	-0.259977
-0.872573	0.883714	-0.259977
-0.872573	0.883714	-0.259977
-0.872573	0.883714	-0.259977
-0.872573	0.883714	-0.259977
-0.872573	0.883714	-0.259977
-0.872573	0.883714	-0.259977
-0.872573	0.883714	-0.259977
-0.872573	0.883714	-0.259977
-0.872573	0.883714	-0.259977
-0.872573	0.883714	-0.259977
-0.872573	0.883714	-0.259977
-0.872573	0.883714	-0.259977
-0.872573	0.883714	-0.259977
-0.283026	0.812929	0.0435232
-0.283026	0.812929	0.0435232
-0.283026	0.812929	0.0435232
-0.283026	0.812929	0.0435232
-0.283026	0.812929	0.0435232
-0.283026	0.812929	0.0435232
-0.283026	0.812929	0.0435232
-0.283026	0.812929	0.0435232
-0.283026	0.812929	0.0435232
-0.283026	0.812929	0.0435232
-0.283026	0.812929	0.0435232
-0.283026	0.812929	0.0435232
-0.283026	0.812929	0.0435232
-0.283026	0.812929	0.0435232
-0.283026	0.812929	0.0435232
-0.283026	0.812929	0.0435232
-0.327145	0.982133	0.013464

-0.222423	0.969528	0.027524
-0.222423	0.969528	0.027524
-0.222423	0.969528	0.027524
-0.222423	0.969528	0.027524
-0.222423	0.969528	0.027524
-0.222423	0.969528	0.027524
-0.227756	0.975831	0.00182824
-0.227756	0.975831	0.00182824
-0.227756	0.975831	0.00182824
-0.227756	0.975831	0.00182824
-0.227756	0.975831	0.00182824
-0.227756	0.975831	0.00182824
-0.227756	0.975831	0.00182824
-0.227756	0.975831	0.00182824
-0.227756	0.975831	0.00182824
-0.227756	0.975831	0.00182824
-0.227756	0.975831	0.00182824
-0.234059	0.898743	0.156972
-0.234059	0.898743	0.156972
-0.234059	0.898743	0.156972
-0.234059	0.898743	0.156972
-0.228726	0.773659	0.151154
-0.228726	0.773659	0.151154
-0.228726	0.773659	0.151154
-0.228726	0.773659	0.151154
-0.228726	0.773659	0.151154
-0.228726	0.773659	0.151154
-0.228726	0.773659	0.151154
-0.228726	0.773659	0.151154
-0.228726	0.773659	0.151154
-0.228726	0.773659	0.151154
-0.228726	0.773659	0.151154
-0.228726	0.773659	0.151154
-0.323266	0.788203	0.220484
-0.323266	0.788203	0.220484
-0.323266	0.788203	0.220484
-0.323266	0.788203	0.220484
-0.323266	0.788203	0.220484
-0.323266	0.788203	0.220484
-0.323266	0.788203	0.220484
-0.323266	0.788203	0.220484
-0.323266	0.788203	0.220484
-0.323266	0.788203	0.220484
-0.316964	0.918136	0.186062
-0.316964	0.918136	0.186062
-0.316964	0.918136	0.186062
-0.316964	0.918136	0.186062
-0.316964	0.918136	0.186062
-0.316964	0.918136	0.186062
-0.255391	1.08298	0.046917
-0.255391	1.08298	0.046917
-0.255391	1.08298	0.046917
-0.255391	1.08298	0.046917
-0.255391	1.08298	0.046917
-0.255391	1.08298	0.046917
-0.255391	1.08298	0.046917
-0.255391	1.08298	0.046917
-0.255391	1.08298	0.046917
-0.255391	1.08298	0.046917
-0.255391	1.08298	0.046917
-0.255391	1.08298	0.046917
-0.255391	1.08298	0.046917
-0.255391	1.08298	0.046917
-0.255391	1.08298	0.046917
-0.255391	1.08298	0.046917

-0.823121	0.723237	0.208364
-0.805182	0.799354	0.385325
-0.805182	0.799354	0.385325
-0.805182	0.799354	0.385325
-0.805182	0.799354	0.385325
-0.805182	0.799354	0.385325
-0.805182	0.799354	0.385325
-0.805182	0.799354	0.385325
-0.805182	0.799354	0.385325
-0.805182	0.799354	0.385325
-0.805182	0.799354	0.385325
-0.805182	0.799354	0.385325
-0.805182	0.799354	0.385325
-0.805182	0.799354	0.385325
-0.805182	0.799354	0.385325
-0.498288	0.830868	-0.16786
-0.498288	0.830868	-0.16786
-0.693188	0.731479	-0.147983
-0.693188	0.731479	-0.147983
-0.693188	0.731479	-0.147983
-0.693188	0.731479	-0.147983
-0.693188	0.731479	-0.147983
-0.693188	0.731479	-0.147983
-0.693188	0.731479	-0.147983
-0.693188	0.731479	-0.147983
-0.693188	0.731479	-0.147983
-0.693188	0.731479	-0.147983
-0.693188	0.731479	-0.147983
-0.693188	0.731479	-0.147983
-0.693188	0.731479	-0.147983
-0.368355	0.710146	0.0338267
-0.368355	0.710146	0.0338267
-0.368355	0.710146	0.0338267
-0.368355	0.710146	0.0338267
-0.368355	0.710146	0.0338267
-0.368355	0.710146	0.0338267
-0.368355	0.710146	0.0338267
-0.368355	0.710146	0.0338267
-0.368355	0.710146	0.0338267
-0.368355	0.710146	0.0338267
-0.368355	0.710146	0.0338267
-0.368355	0.710146	0.0338267
-0.368355	0.710146	0.0338267
-0.368355	0.710146	0.0338267
-0.368355	0.710146	0.0338267
-0.808576	0.58894	0.138549
-0.808576	0.58894	0.138549
-0.808576	0.58894	0.138549
-0.808576	0.58894	0.138549
-0.808576	0.58894	0.138549
-0.808576	0.58894	0.138549
-0.808576	0.58894	0.138549
-0.808576	0.58894	0.138549
-0.808576	0.58894	0.138549
-0.808576	0.58894	0.138549
-0.808576	0.58894	0.138549
-0.808576	0.58894	0.138549
-0.808576	0.58894	0.138549
-0.808576	0.58894	0.138549
-0.808576	0.58894	0.138549

-0.611252	0.702874	-0.0296854
-0.611252	0.702874	-0.0296854
-0.611252	0.702874	-0.0296854
-0.611252	0.702874	-0.0296854
-0.611252	0.702874	-0.0296854
-0.611252	0.702874	-0.0296854
-0.611252	0.702874	-0.0296854
-0.611252	0.702874	-0.0296854
-0.611252	0.702874	-0.0296854
-0.611252	0.702874	-0.0296854
-0.611252	0.702874	-0.0296854
-0.611252	0.702874	-0.0296854
-0.611252	0.702874	-0.0296854
-0.611252	0.702874	-0.0296854
-0.611252	0.702874	-0.0296854
-0.611252	0.702874	-0.0296854
-0.713066	0.735357	-0.178042
-0.713066	0.735357	-0.178042
-0.713066	0.735357	-0.178042
-0.713066	0.735357	-0.178042
-0.713066	0.735357	-0.178042
-0.713066	0.735357	-0.178042
-0.713066	0.735357	-0.178042
-0.713066	0.735357	-0.178042
-0.713066	0.735357	-0.178042
-0.713066	0.735357	-0.178042
-0.713066	0.735357	-0.178042
-0.713066	0.735357	-0.178042
-0.713066	0.735357	-0.178042
-0.713066	0.735357	-0.178042
-0.713066	0.735357	-0.178042
-0.781911	0.888562	0.140973
-0.781911	0.888562	0.140973
-0.781911	0.888562	0.140973
-0.781911	0.888562	0.140973
-0.781911	0.888562	0.140973
-0.781911	0.888562	0.140973
-0.781911	0.888562	0.140973
-0.781911	0.888562	0.140973
-0.781911	0.888562	0.140973
-0.781911	0.888562	0.140973
-0.781911	0.888562	0.140973
-0.781911	0.888562	0.140973
-0.781911	0.888562	0.140973
-0.781911	0.888562	0.140973
-0.781911	0.888562	0.140973
-0.781911	0.888562	0.140973
-0.207393	0.738266	-0.21198
-0.207393	0.738266	-0.21198
-0.207393	0.738266	-0.21198
-0.207393	0.738266	-0.21198
-0.207393	0.738266	-0.21198
-0.207393	0.738266	-0.21198
-0.207393	0.738266	-0.21198
-0.207393	0.738266	-0.21198
-0.207393	0.738266	-0.21198
-0.207393	0.738266	-0.21198
-0.207393	0.738266	-0.21198

-0.278178	0.496339	0.0978236
-0.278178	0.496339	0.0978236
-0.278178	0.496339	0.0978236
-0.278178	0.496339	0.0978236
-0.278178	0.496339	0.0978236
-0.278178	0.496339	0.0978236
-0.278178	0.496339	0.0978236
-0.278178	0.496339	0.0978236
-0.278178	0.496339	0.0978236
-0.278178	0.496339	0.0978236
-0.278178	0.496339	0.0978236
-0.278178	0.496339	0.0978236
-0.278178	0.496339	0.0978236
-0.278178	0.496339	0.0978236
-0.278178	0.496339	0.0978236
-0.278178	0.496339	0.0978236
-0.28545	0.878381	0.128368
-0.28545	0.878381	0.128368
-0.28545	0.878381	0.128368
-0.320357	1.08152	0.100248
-0.320357	1.08152	0.100248
-0.320357	1.08152	0.100248
-0.320357	1.08152	0.100248
-0.320357	1.08152	0.100248
-0.320357	1.08152	0.100248
-0.320357	1.08152	0.100248
-0.320357	1.08152	0.100248
-0.320357	1.08152	0.100248
-0.320357	1.08152	0.100248
-0.320357	1.08152	0.100248
-0.320357	1.08152	0.100248
-0.320357	1.08152	0.100248
-0.320357	1.08152	0.100248
-0.456593	0.92153	0.230666
-0.456593	0.92153	0.230666
-0.456593	0.92153	0.230666
-0.456593	0.92153	0.230666
-0.456593	0.92153	0.230666
-0.456593	0.92153	0.230666
-0.456593	0.92153	0.230666
-0.456593	0.92153	0.230666
-0.456593	0.92153	0.230666
-0.456593	0.92153	0.230666
-0.624343	1.14746	-0.125196
-0.624343	1.14746	-0.125196
-0.624343	1.14746	-0.125196
-0.624343	1.14746	-0.125196
-0.624343	1.14746	-0.125196
-0.624343	1.14746	-0.125196
-0.364961	0.730509	0.108005

-0.274299	0.912318	0.33054
-1.11692	0.155992	0.0367356
-1.11692	0.155992	0.0367356
-1.0985	0.237442	-0.00205036
-1.0985	0.237442	-0.00205036
-1.0985	0.237442	-0.00205036
-1.0985	0.237442	-0.00205036
-1.0985	0.237442	-0.00205036
-1.0985	0.237442	-0.00205036
-1.0985	0.237442	-0.00205036
-1.0985	0.237442	-0.00205036
-1.0985	0.237442	-0.00205036
-1.0985	0.237442	-0.00205036
-1.0985	0.237442	-0.00205036
-1.0985	0.237442	-0.00205036
-1.0985	0.237442	-0.00205036
-1.0985	0.237442	-0.00205036
-1.0985	0.237442	-0.00205036
-1.0985	0.237442	-0.00205036
-1.01996	0.220958	-0.0645928
-1.01996	0.220958	-0.0645928
-1.01996	0.220958	-0.0645928
-1.01996	0.220958	-0.0645928
-1.01996	0.220958	-0.0645928
-1.01996	0.220958	-0.0645928
-1.01996	0.220958	-0.0645928
-1.01996	0.220958	-0.0645928
-1.01996	0.220958	-0.0645928
-1.01996	0.220958	-0.0645928
-1.01996	0.220958	-0.0645928
-1.01996	0.220958	-0.0645928
-1.01996	0.220958	-0.0645928
-1.04663	-0.163023	0.0120096
-1.04663	-0.163023	0.0120096
-1.04663	-0.163023	0.0120096
-1.04663	-0.163023	0.0120096
-0.836211	0.453674	-0.206162
-0.836211	0.453674	-0.206162
-0.836211	0.453674	-0.206162
-0.836211	0.453674	-0.206162
-0.836211	0.453674	-0.206162
-0.836211	0.453674	-0.206162
-0.836211	0.453674	-0.206162
-0.836211	0.453674	-0.206162
-0.836211	0.453674	-0.206162
-0.836211	0.453674	-0.206162
-0.836211	0.453674	-0.206162
-0.836211	0.453674	-0.206162
-0.836211	0.453674	-0.206162
-0.836211	0.453674	-0.206162
-0.836211	0.453674	-0.206162
-0.836211	0.453674	-0.206162
-0.836211	0.453674	-0.206162
-0.836211	0.453674	-0.206162

-0.319388	0.918136	0.172971
-0.319388	0.918136	0.172971
-0.319388	0.918136	0.172971
-0.319388	0.918136	0.172971
-0.319388	0.918136	0.172971
-0.319388	0.918136	0.172971
-0.319388	0.918136	0.172971
-0.319388	0.918136	0.172971
-0.319388	0.918136	0.172971
-0.319388	0.918136	0.172971
-0.319388	0.918136	0.172971
-0.319388	0.918136	0.172971
-0.319388	0.918136	0.172971
-0.193818	1.04565	-0.0655624
-0.193818	1.04565	-0.0655624
-0.193818	1.04565	-0.0655624
-0.193818	1.04565	-0.0655624
-0.193818	1.04565	-0.0655624
-0.137094	1.06892	0.00182824
-0.137094	1.06892	0.00182824
-0.137094	1.06892	0.00182824
-0.137094	1.06892	0.00182824
-0.137094	1.06892	0.00182824
-0.137094	1.06892	0.00182824
-0.137094	1.06892	0.00182824
-0.137094	1.06892	0.00182824
-0.137094	1.06892	0.00182824
-0.137094	1.06892	0.00182824
-0.137094	1.06892	0.00182824
-0.137094	1.06892	0.00182824
-0.137094	1.06892	0.00182824
-0.137094	1.06892	0.00182824
-0.137094	1.06892	0.00182824
-0.137094	1.06892	0.00182824
-0.137094	1.06892	0.00182824
-0.137094	1.06892	0.00182824
-0.304358	0.847837	0.302905
-0.304358	0.847837	0.302905
-0.304358	0.847837	0.302905
-0.304358	0.847837	0.302905
-0.304358	0.847837	0.302905
-0.304358	0.847837	0.302905
-0.304358	0.847837	0.302905
-0.304358	0.847837	0.302905
-0.304358	0.847837	0.302905
-0.304358	0.847837	0.302905
-0.304358	0.847837	0.302905
-0.304358	0.847837	0.302905
-0.304358	0.847837	0.302905
-0.304358	0.847837	0.302905
-0.304358	0.847837	0.302905
-0.304358	0.847837	0.302905
-0.304358	0.847837	0.302905

-0.264603	0.818262	0.362053
-0.264603	0.818262	0.362053
-0.264603	0.818262	0.362053
-0.264603	0.818262	0.362053
-0.264603	0.818262	0.362053
-0.264603	0.818262	0.362053
-0.264603	0.818262	0.362053
-0.264603	0.818262	0.362053
-0.264603	0.818262	0.362053
-0.264603	0.818262	0.362053
-0.264603	0.818262	0.362053
-0.264603	0.818262	0.362053
-0.264603	0.818262	0.362053
-0.264603	0.818262	0.362053
-0.264603	0.818262	0.362053
-0.264603	0.818262	0.362053
-0.24424	0.902622	0.0309177
-0.24424	0.902622	0.0309177
-0.24424	0.902622	0.0309177
-0.24424	0.902622	0.0309177
-0.24424	0.902622	0.0309177
-0.24424	0.902622	0.0309177
-0.24424	0.902622	0.0309177
-0.24424	0.902622	0.0309177
-0.24424	0.902622	0.0309177
-0.24424	0.902622	0.0309177
-0.24424	0.902622	0.0309177
-0.24424	0.902622	0.0309177
-0.24424	0.902622	0.0309177
-0.24424	0.902622	0.0309177
-0.24424	0.902622	0.0309177
-0.24424	0.902622	0.0309177
-0.24424	0.902622	0.0309177
-0.24424	0.902622	0.0309177
-0.255876	0.895834	0.148245
-0.255876	0.895834	0.148245
-0.255876	0.895834	0.148245
-0.255876	0.895834	0.148245
-0.255876	0.895834	0.148245
-0.255876	0.895834	0.148245
-0.255876	0.895834	0.148245
-0.255876	0.895834	0.148245
-0.255876	0.895834	0.148245
-0.255876	0.895834	0.148245
-0.255876	0.895834	0.148245
-0.255876	0.895834	0.148245
-0.255876	0.895834	0.148245
-0.255876	0.895834	0.148245
-0.255876	0.895834	0.148245
-0.255876	0.895834	0.148245
-0.436715	1.0951	0.0769761
-0.436715	1.0951	0.0769761
-0.436715	1.0951	0.0769761
-0.436715	1.0951	0.0769761
-0.436715	1.0951	0.0769761
-0.347992	1.06698	0.0600072
-0.347992	1.06698	0.0600072
-0.347992	1.06698	0.0600072
-0.347992	1.06698	0.0600072
-0.347992	1.06698	0.0600072
-0.347992	1.06698	0.0600072

-0.223392	0.919591	-0.0311399
-0.223392	0.919591	-0.0311399
-0.223392	0.919591	-0.0311399
-0.223392	0.919591	-0.0311399
-0.223392	0.919591	-0.0311399
-0.223392	0.919591	-0.0311399
-0.223392	0.919591	-0.0311399
-0.223392	0.919591	-0.0311399
-0.223392	0.919591	-0.0311399
-0.287389	0.870139	0.0449777
-0.287389	0.870139	0.0449777
-0.287389	0.870139	0.0449777
-0.287389	0.870139	0.0449777
-0.287389	0.870139	0.0449777
-0.287389	0.870139	0.0449777
-0.287389	0.870139	0.0449777
-0.180728	0.877896	0.182668
-0.180728	0.877896	0.182668
-0.180728	0.877896	0.182668
-0.180728	0.877896	0.182668
-0.180728	0.877896	0.182668
-0.180728	0.877896	0.182668
-0.180728	0.877896	0.182668
-0.180728	0.877896	0.182668
-0.180728	0.877896	0.182668
-0.180728	0.877896	0.182668
-0.180728	0.877896	0.182668
-0.180728	0.877896	0.182668
-0.180728	0.877896	0.182668
-0.180728	0.877896	0.182668
-0.180728	0.877896	0.182668
-0.180728	0.877896	0.182668
-0.180728	0.877896	0.182668
-0.359628	0.798869	0.123519
-0.359628	0.798869	0.123519
-0.359628	0.798869	0.123519
-0.359628	0.798869	0.123519
-0.359628	0.798869	0.123519
-0.359628	0.798869	0.123519
-0.359628	0.798869	0.123519
-0.359628	0.798869	0.123519
-0.359628	0.798869	0.123519
-0.359628	0.798869	0.123519
-0.359628	0.798869	0.123519
-0.359628	0.798869	0.123519
-0.359628	0.798869	0.123519
-0.359628	0.798869	0.123519
-0.359628	0.798869	0.123519
-0.359628	0.798869	0.123519
-0.186061	1.00734	0.0425535

-0.157941	1.00831	0.226787
-0.157941	1.00831	0.226787
-0.157941	1.00831	0.226787
-0.157941	1.00831	0.226787
-0.157941	1.00831	0.226787
-0.157941	1.00831	0.226787
-0.157941	1.00831	0.226787
-0.157941	1.00831	0.226787
-0.157941	1.00831	0.226787
-0.157941	1.00831	0.226787
-0.157941	1.00831	0.226787
-0.157941	1.00831	0.226787
-0.157941	1.00831	0.226787
-0.157941	1.00831	0.226787
-0.157941	1.00831	0.226787
-0.267027	0.985527	0.0168578
-0.267027	0.985527	0.0168578
-0.267027	0.985527	0.0168578
-0.267027	0.985527	0.0168578
-0.267027	0.985527	0.0168578
-0.267027	0.985527	0.0168578
-0.20206	0.766871	-0.0456846
-0.20206	0.766871	-0.0456846
-0.20206	0.766871	-0.0456846
-0.20206	0.766871	-0.0456846
-0.20206	0.766871	-0.0456846
-0.20206	0.766871	-0.0456846
-0.20206	0.766871	-0.0456846
-0.20206	0.766871	-0.0456846
-0.20206	0.766871	-0.0456846
-0.20206	0.766871	-0.0456846
-0.47841	0.757659	0.146306
-0.47841	0.757659	0.146306
-0.47841	0.757659	0.146306
-0.47841	0.757659	0.146306
-0.47841	0.757659	0.146306
-0.47841	0.757659	0.146306
-0.32763	0.879835	0.201576
-0.32763	0.879835	0.201576
-0.32763	0.879835	0.201576
-0.32763	0.879835	0.201576
-0.32763	0.879835	0.201576
-0.32763	0.879835	0.201576
-0.32763	0.879835	0.201576
-0.32763	0.879835	0.201576
-0.32763	0.879835	0.201576
-0.32763	0.879835	0.201576
-0.223392	0.806627	0.124004
-0.223392	0.806627	0.124004
-0.223392	0.806627	0.124004
-0.223392	0.806627	0.124004
-0.223392	0.806627	0.124004
-0.223392	0.806627	0.124004
-0.223392	0.806627	0.124004
-0.223392	0.806627	0.124004
-0.223392	0.806627	0.124004
-0.223392	0.806627	0.124004
-0.223392	0.806627	0.124004
-0.223392	0.806627	0.124004

-0.20303	0.963225	0.0498259
-0.20303	0.963225	0.0498259
-0.20303	0.963225	0.0498259
-0.20303	0.963225	0.0498259
-0.20303	0.963225	0.0498259
-0.20303	0.963225	0.0498259
-0.20303	0.963225	0.0498259
-0.20303	0.963225	0.0498259
-0.20303	0.963225	0.0498259
-0.20303	0.963225	0.0498259
-0.20303	0.963225	0.0498259
-0.20303	0.963225	0.0498259
-0.20303	0.963225	0.0498259
-0.20303	0.963225	0.0498259
-0.20303	0.963225	0.0498259
-0.20303	0.963225	0.0498259
-0.253452	1.02237	0.186062
-0.253452	1.02237	0.186062
-0.253452	1.02237	0.186062
-0.253452	1.02237	0.186062
-0.253452	1.02237	0.186062
-0.253452	1.02237	0.186062
-0.253452	1.02237	0.186062
-0.253452	1.02237	0.186062
-0.253452	1.02237	0.186062
-0.253452	1.02237	0.186062
-0.253452	1.02237	0.186062
-0.253452	1.02237	0.186062
-0.253452	1.02237	0.186062
-0.253452	1.02237	0.186062
-0.253452	1.02237	0.186062
-0.253452	1.02237	0.186062
-0.253452	1.02237	0.186062
-0.995719	0.794506	0.0852181
-0.995719	0.794506	0.0852181
-0.995719	0.794506	0.0852181
-0.995719	0.794506	0.0852181
-0.995719	0.794506	0.0852181
-0.995719	0.794506	0.0852181
-0.995719	0.794506	0.0852181
-0.995719	0.794506	0.0852181
-0.995719	0.794506	0.0852181
-0.995719	0.794506	0.0852181
-0.995719	0.794506	0.0852181
-0.995719	0.794506	0.0852181
-0.995719	0.794506	0.0852181
-0.995719	0.794506	0.0852181
-0.995719	0.794506	0.0852181
-0.995719	0.794506	0.0852181
-1.10626	0.238412	-0.0597445

-0.27236	1.0185	0.0294633
-0.27236	1.0185	0.0294633
-0.27236	1.0185	0.0294633
-0.27236	1.0185	0.0294633
-0.27236	1.0185	0.0294633
-0.27236	1.0185	0.0294633
-0.27236	1.0185	0.0294633
-0.27236	1.0185	0.0294633
-0.27236	1.0185	0.0294633
-0.201091	0.865775	0.188486
-0.201091	0.865775	0.188486
-0.201091	0.865775	0.188486
-0.201091	0.865775	0.188486
-0.201091	0.865775	0.188486
-0.201091	0.865775	0.188486
-0.201091	0.865775	0.188486
-0.201091	0.865775	0.188486
-0.201091	0.865775	0.188486
-0.201091	0.865775	0.188486
-0.201091	0.865775	0.188486
-0.201091	0.865775	0.188486
-0.201091	0.865775	0.188486
-0.201091	0.865775	0.188486
-0.201091	0.865775	0.188486
-0.201091	0.865775	0.188486
-0.201091	0.865775	0.188486
-0.23115	0.890501	0.0212212
-0.23115	0.890501	0.0212212
-0.23115	0.890501	0.0212212
-0.23115	0.890501	0.0212212
-0.23115	0.890501	0.0212212
-0.23115	0.890501	0.0212212
-0.23115	0.890501	0.0212212
-0.23115	0.890501	0.0212212
-0.23115	0.890501	0.0212212
-0.23115	0.890501	0.0212212
-0.23115	0.890501	0.0212212
-0.23115	0.890501	0.0212212
-0.23115	0.890501	0.0212212
-0.23115	0.890501	0.0212212
-0.23115	0.890501	0.0212212
-0.23115	0.890501	0.0212212
-0.23115	0.890501	0.0212212
-0.235028	0.889532	0.0420687
-0.235028	0.889532	0.0420687
-0.235028	0.889532	0.0420687
-0.235028	0.889532	0.0420687
-0.235028	0.889532	0.0420687
-0.235028	0.889532	0.0420687
-0.235028	0.889532	0.0420687
-0.235028	0.889532	0.0420687
-0.235028	0.889532	0.0420687
-0.235028	0.889532	0.0420687
-0.235028	0.889532	0.0420687
-0.235028	0.889532	0.0420687
-0.235028	0.889532	0.0420687
-0.235028	0.889532	0.0420687
-0.235028	0.889532	0.0420687
-0.235028	0.889532	0.0420687
-0.235028	0.889532	0.0420687
-0.235028	0.889532	0.0420687

-0.271875	0.846382	0.180244
-0.271875	0.846382	0.180244
-0.271875	0.846382	0.180244
-0.271875	0.846382	0.180244
-0.271875	0.846382	0.180244
-0.271875	0.846382	0.180244
-0.271875	0.846382	0.180244
-0.271875	0.846382	0.180244
-0.271875	0.846382	0.180244
-0.271875	0.846382	0.180244
-0.271875	0.846382	0.180244
-0.271875	0.846382	0.180244
-0.271875	0.846382	0.180244
-0.271875	0.846382	0.180244
-0.271875	0.846382	0.180244
-0.271875	0.846382	0.180244
-0.271875	0.846382	0.180244
-0.271875	0.846382	0.180244
-0.183152	1.05874	0.0493411
-0.183152	1.05874	0.0493411
-0.183152	1.05874	0.0493411
-0.183152	1.05874	0.0493411
-0.183152	1.05874	0.0493411
-0.183152	1.05874	0.0493411
-0.183152	1.05874	0.0493411
-0.183152	1.05874	0.0493411
-0.183152	1.05874	0.0493411
-0.183152	1.05874	0.0493411
-0.183152	1.05874	0.0493411
-0.183152	1.05874	0.0493411
-0.183152	1.05874	0.0493411
-0.138063	1.08395	0.0139489
-0.138063	1.08395	0.0139489
-0.138063	1.08395	0.0139489
-0.138063	1.08395	0.0139489
-0.138063	1.08395	0.0139489
-0.153578	0.917167	0.0333419
-0.153578	0.917167	0.0333419
-0.153578	0.917167	0.0333419
-0.153578	0.917167	0.0333419
-0.153578	0.917167	0.0333419
-0.153578	0.917167	0.0333419
-0.153578	0.917167	0.0333419
-0.153578	0.917167	0.0333419
-0.153578	0.917167	0.0333419
-0.153578	0.917167	0.0333419
-0.153578	0.917167	0.0333419
-0.153578	0.917167	0.0333419
-0.153578	0.917167	0.0333419
-0.153578	0.917167	0.0333419
-0.153578	0.917167	0.0333419
-0.153578	0.917167	0.0333419
-0.153578	0.917167	0.0333419
-0.153578	0.917167	0.0333419
-0.335872	1.26091	0.108975

0.884433	1.34818	0.0507956
0.884433	1.34818	0.0507956
0.884433	1.34818	0.0507956
0.884433	1.34818	0.0507956
0.884433	1.34818	0.0507956
0.884433	1.34818	0.0507956
0.884433	1.34818	0.0507956
0.884433	1.34818	0.0507956
0.884433	1.34818	0.0507956
0.884433	1.34818	0.0507956
0.884433	1.34818	0.0507956
0.884433	1.34818	0.0507956
0.884433	1.34818	0.0507956
0.884433	1.34818	0.0507956
0.884433	1.34818	0.0507956
0.884433	1.34818	0.0507956
0.884433	1.34818	0.0507956
0.884433	1.34818	0.0507956
-0.31357	0.903592	0.116732
-0.31357	0.903592	0.116732
-0.31357	0.903592	0.116732
-0.31357	0.903592	0.116732
-0.31357	0.903592	0.116732
-0.31357	0.903592	0.116732
-0.31357	0.903592	0.116732
-0.31357	0.903592	0.116732
-0.31357	0.903592	0.116732
-0.31357	0.903592	0.116732
-0.31357	0.903592	0.116732
-0.31357	0.903592	0.116732
-0.31357	0.903592	0.116732
-0.31357	0.903592	0.116732
-0.31357	0.903592	0.116732
-0.31357	0.903592	0.116732
-0.31357	0.903592	0.116732
-0.31357	0.903592	0.116732
-0.342659	1.02722	0.243756
-0.342659	1.02722	0.243756
-0.342659	1.02722	0.243756
-0.342659	1.02722	0.243756
-0.342659	1.02722	0.243756
-0.342659	1.02722	0.243756
-0.342659	1.02722	0.243756
-0.342659	1.02722	0.243756
-0.342659	1.02722	0.243756
-0.342659	1.02722	0.243756
-0.342659	1.02722	0.243756
-0.342659	1.02722	0.243756
-0.342659	1.02722	0.243756
-0.342659	1.02722	0.243756
-0.342659	1.02722	0.243756
-0.342659	1.02722	0.243756
-0.342659	1.02722	0.243756

-0.196727	0.914743	0.184122
-0.196727	0.914743	0.184122
-0.196727	0.914743	0.184122
-0.196727	0.914743	0.184122
-0.196727	0.914743	0.184122
-0.196727	0.914743	0.184122
-0.196727	0.914743	0.184122
-0.196727	0.914743	0.184122
-0.196727	0.914743	0.184122
-0.196727	0.914743	0.184122
-0.196727	0.914743	0.184122
-0.196727	0.914743	0.184122
-0.196727	0.914743	0.184122
-0.196727	0.914743	0.184122
-0.196727	0.914743	0.184122
-0.196727	0.914743	0.184122
-0.254906	0.911834	0.171032
-0.254906	0.911834	0.171032
-0.254906	0.911834	0.171032
-0.254906	0.911834	0.171032
-0.254906	0.911834	0.171032
-0.254906	0.911834	0.171032
-0.254906	0.911834	0.171032
-0.254906	0.911834	0.171032
-0.254906	0.911834	0.171032
-0.254906	0.911834	0.171032
-0.254906	0.911834	0.171032
-0.254906	0.911834	0.171032
-0.254906	0.911834	0.171032
-0.254906	0.911834	0.171032
-0.254906	0.911834	0.171032
-0.254906	0.911834	0.171032
-0.254906	0.911834	0.171032
-0.220484	0.937529	0.202546
-0.220484	0.937529	0.202546
-0.220484	0.937529	0.202546
-0.220484	0.937529	0.202546
-0.220484	0.937529	0.202546
-0.220484	0.937529	0.202546
-0.220484	0.937529	0.202546
-0.220484	0.937529	0.202546
-0.220484	0.937529	0.202546
-0.220484	0.937529	0.202546
-0.220484	0.937529	0.202546
-0.220484	0.937529	0.202546
-0.220484	0.937529	0.202546
-0.220484	0.937529	0.202546
-0.220484	0.937529	0.202546
-0.220484	0.937529	0.202546
-0.220484	0.937529	0.202546
-0.241331	0.927348	0.224848
-0.221453	0.928318	0.215151
-0.221453	0.928318	0.215151
-0.221453	0.928318	0.215151
-0.221453	0.928318	0.215151
-0.221453	0.928318	0.215151
-0.221453	0.928318	0.215151
-0.221453	0.928318	0.215151
-0.221453	0.928318	0.215151
-0.221453	0.928318	0.215151
-0.221453	0.928318	0.215151
-0.221453	0.928318	0.215151
-0.221453	0.928318	0.215151
-0.221453	0.928318	0.215151
-0.221453	0.928318	0.215151
-0.221453	0.928318	0.215151
-0.221453	0.928318	0.215151

-0.240846	1.02577	0.0464321
-0.240846	1.02577	0.0464321
-0.240846	1.02577	0.0464321
-0.240846	1.02577	0.0464321
-0.240846	1.02577	0.0464321
-0.240846	1.02577	0.0464321
-0.240846	1.02577	0.0464321
-0.240846	1.02577	0.0464321
-0.240846	1.02577	0.0464321
-0.240846	1.02577	0.0464321
-0.240846	1.02577	0.0464321
-0.240846	1.02577	0.0464321
-0.240846	1.02577	0.0464321
-0.240846	1.02577	0.0464321
-0.240846	1.02577	0.0464321
-0.240846	1.02577	0.0464321
-0.240846	1.02577	0.0464321
-0.442533	0.803233	-0.0825313
-0.442533	0.803233	-0.0825313
-0.442533	0.803233	-0.0825313
-0.442533	0.803233	-0.0825313
-0.442533	0.803233	-0.0825313
-0.442533	0.803233	-0.0825313
-0.442533	0.803233	-0.0825313
-0.442533	0.803233	-0.0825313
-0.442533	0.803233	-0.0825313
-0.442533	0.803233	-0.0825313
-0.465805	0.759599	-0.0340488
-0.465805	0.759599	-0.0340488
-0.465805	0.759599	-0.0340488
-0.465805	0.759599	-0.0340488
-0.465805	0.759599	-0.0340488
-0.465805	0.759599	-0.0340488
-0.465805	0.759599	-0.0340488
-0.430413	0.878381	-0.137317
-0.430413	0.878381	-0.137317
-0.430413	0.878381	-0.137317
-0.430413	0.878381	-0.137317
-0.430413	0.878381	-0.137317
-0.430413	0.878381	-0.137317
-0.430413	0.878381	-0.137317
-0.430413	0.878381	-0.137317
-0.430413	0.878381	-0.137317
-0.430413	0.878381	-0.137317
-0.430413	0.878381	-0.137317
-0.430413	0.878381	-0.137317
-0.430413	0.878381	-0.137317
-0.430413	0.878381	-0.137317
-0.430413	0.878381	-0.137317
-0.430413	0.878381	-0.137317
-0.430413	0.878381	-0.137317
-0.430413	0.878381	-0.137317
-0.399869	0.868199	-0.0781679

-0.305328	0.889532	0.261694
-0.305328	0.889532	0.261694
-0.305328	0.889532	0.261694
-0.305328	0.889532	0.261694
-0.305328	0.889532	0.261694
-0.305328	0.889532	0.261694
-0.305328	0.889532	0.261694
-0.305328	0.889532	0.261694
-0.305328	0.889532	0.261694
-0.305328	0.889532	0.261694
-0.305328	0.889532	0.261694
-0.305328	0.889532	0.261694
-0.305328	0.889532	0.261694
-0.269451	0.856564	0.148245
-0.269451	0.856564	0.148245
-0.269451	0.856564	0.148245
-0.269451	0.856564	0.148245
-0.159396	1.12467	0.0381901
-0.159396	1.12467	0.0381901
-0.159396	1.12467	0.0381901
-0.159396	1.12467	0.0381901
-0.159396	1.12467	0.0381901
-0.159396	1.12467	0.0381901
-0.159396	1.12467	0.0381901
-0.159396	1.12467	0.0381901
-0.159396	1.12467	0.0381901
-0.159396	1.12467	0.0381901
-0.159396	1.12467	0.0381901
-0.159396	1.12467	0.0381901
-0.159396	1.12467	0.0381901
-0.159396	1.12467	0.0381901
-0.159396	1.12467	0.0381901
-0.159396	1.12467	0.0381901
-0.159396	1.12467	0.0381901
-0.159396	1.12467	0.0381901
-0.159396	1.12467	0.0381901
-0.159396	1.12467	0.0381901
-0.159396	1.12467	0.0381901
-0.159396	1.12467	0.0381901
-0.159396	1.12467	0.0381901
-0.159396	1.12467	0.0381901

-0.314055	0.931711	0.203031
-0.314055	0.931711	0.203031
-0.314055	0.931711	0.203031
-0.314055	0.931711	0.203031
-0.314055	0.931711	0.203031
-0.314055	0.931711	0.203031
-0.314055	0.931711	0.203031
-0.314055	0.931711	0.203031
-0.314055	0.931711	0.203031
-0.314055	0.931711	0.203031
-0.314055	0.931711	0.203031
-0.314055	0.931711	0.203031
-0.314055	0.931711	0.203031
-0.314055	0.931711	0.203031
-0.314055	0.931711	0.203031
-0.314055	0.931711	0.203031
-0.314055	0.931711	0.203031
-0.314055	0.931711	0.203031
-0.27139	1.01462	0.216121
-0.27139	1.01462	0.216121
-0.27139	1.01462	0.216121
-0.27139	1.01462	0.216121
-0.27139	1.01462	0.216121
-0.27139	1.01462	0.216121
-0.27139	1.01462	0.216121
-0.27139	1.01462	0.216121
-0.27139	1.01462	0.216121
-0.27139	1.01462	0.216121
-0.27139	1.01462	0.216121
-0.27139	1.01462	0.216121
-0.27139	1.01462	0.216121
-0.27139	1.01462	0.216121
-0.27139	1.01462	0.216121
-0.27139	1.01462	0.216121
-0.27139	1.01462	0.216121
-0.140003	0.861897	0.0129792
-0.140003	0.861897	0.0129792
-0.140003	0.861897	0.0129792
-0.140003	0.861897	0.0129792
-0.140003	0.861897	0.0129792
-0.140003	0.861897	0.0129792
-0.140003	0.861897	0.0129792
-0.140003	0.861897	0.0129792
-0.140003	0.861897	0.0129792
-0.140003	0.861897	0.0129792
-0.140003	0.861897	0.0129792
-0.140003	0.861897	0.0129792
-0.140003	0.861897	0.0129792
-0.140003	0.861897	0.0129792
-0.140003	0.861897	0.0129792
-0.140003	0.861897	0.0129792
-0.140003	0.861897	0.0129792
-0.140003	0.861897	0.0129792
-0.574891	1.2517	0.093945
-0.574891	1.2517	0.093945
-0.574891	1.2517	0.093945
-0.574891	1.2517	0.093945
-0.574891	1.2517	0.093945
-0.574891	1.2517	0.093945
-0.574891	1.2517	0.093945
-0.574891	1.2517	0.093945
-0.574891	1.2517	0.093945
-0.574891	1.2517	0.093945
-0.574891	1.2517	0.093945
-0.574891	1.2517	0.093945
-0.574891	1.2517	0.093945
-0.574891	1.2517	0.093945
-0.574891	1.2517	0.093945
-0.574891	1.2517	0.093945
-0.574891	1.2517	0.093945
-0.574891	1.2517	0.093945
-0.0701878	0.815353	-0.19695
-0.0701878	0.815353	-0.19695
-0.0701878	0.815353	-0.19695
-0.0701878	0.815353	-0.19695
-0.0701878	0.815353	-0.19695
-0.0701878	0.815353	-0.19695
-0.0701878	0.815353	-0.19695
-0.0701878	0.815353	-0.19695
-0.0701878	0.815353	-0.19695
-0.0701878	0.815353	-0.19695
-0.0701878	0.815353	-0.19695
-0.0701878	0.815353	-0.19695
-0.0701878	0.815353	-0.19695
-0.0701878	0.815353	-0.19695
-0.0701878	0.815353	-0.19695
-0.0701878	0.815353	-0.19695
-0.0701878	0.815353	-0.19695
-0.0701878	0.815353	-0.19695
-0.275269	0.756205	0.220484
-0.27042	0.82602	0.179759
-0.27042	0.82602	0.179759
-0.27042	0.82602	0.179759
-0.27042	0.82602	0.179759
-0.27042	0.82602	0.179759
-0.27042	0.82602	0.179759
-0.27042	0.82602	0.179759
-0.27042	0.82602	0.179759
-0.27042	0.82602	0.179759
-0.27042	0.82602	0.179759
-0.27042	0.82602	0.179759
-0.27042	0.82602	0.179759
-0.27042	0.82602	0.179759
-0.27042	0.82602	0.179759
-0.27042	0.82602	0.179759
-0.27042	0.82602	0.179759
-0.27042	0.82602	0.179759