-0.332191	0.929685	-0.0375531
-0.315222	0.922898	-0.0424014
-0.327827	0.920958	-0.0312504
-0.315706	0.925807	-0.0385228
-0.321524	0.925322	-0.0254325
-0.329282	0.924352	-0.0268869
-0.326373	0.935018	-0.0244628
-0.319585	0.927746	-0.0220387
-0.316191	0.93017	-0.0307656
-0.3191	0.927261	-0.0283414
-0.325888	0.928715	-0.0302807
-0.330736	0.925322	-0.0259173
-0.338493	0.93017	-0.0283414
-0.339948	0.915625	-0.0230083
-0.353038	0.914171	-0.0307656
-0.397157	0.922413	-0.0588855
-0.437398	0.835144	-0.0724607
-0.527576	0.821569	-0.0826421
-0.598846	0.751754	-0.0608249
-0.738476	0.988349	-0.105429
-0.76902	0.747875	-0.0700366
-0.848047	0.677575	-0.150518
-0.821381	0.595154	-0.159245
-0.829623	0.568489	-0.156821
-0.846107	0.520976	-0.122398
-0.802958	0.422556	-0.147609
-0.830108	0.357104	-0.153912
-0.877136	0.253836	-0.15973
-0.85241	0.3125	-0.228575
-0.845138	0.247533	-0.202394
-0.778232	0.290683	-0.239241
-0.76902	0.421586	-0.273179
-0.79617	0.320257	-0.185425
-0.745263	0.366801	-0.329904
-0.789867	0.370195	-0.235363
-0.953254	0.60873	-0.286754
-0.892166	0.679514	-0.507351
-1.08319	0.56461	-0.0428862
-0.907196	0.483644	-0.358024
-1.00077	0.41189	-0.525774
-0.945012	0.29844	-0.500563
-0.996404	0.18693	-0.491351
-1.01774	0.0899644	-0.491836
-0.962466	0.0754196	-0.577166
-0.897014	-0.0302728	-0.476807
-0.845623	-0.1093	-0.500078
-0.780656	-0.112209	-0.488927
-0.822351	-0.189296	-0.409416
-0.779686	-0.209659	-0.443354
-0.778232	-0.26299	-0.387598
-0.743809	-0.326017	-0.372569
-0.782595	-0.355107	-0.349297
-0.718113	-0.406499	-0.388083
-0.729749	-0.41765	-0.399234
-0.727325	-0.41571	-0.310511
-0.749627	-0.422983	-0.362387
-0.785504	-0.468557	-0.315844
-0.804412	-0.474374	-0.303238
-0.841744	-0.451103	-0.31245
-0.926104	-0.442861	-0.233908
-0.929498	-0.435588	-0.241181
-0.915438	-0.42977	-0.246514
-0.916407	-0.418135	-0.262513

-0.468427	1.04071	-0.0254325
-0.441762	0.797327	0.0206261
-0.461155	0.841931	0.000263376
-0.468912	0.904474	0.00365717
-0.414611	0.77648	0.0191716
-0.428186	1.0441	-0.0288263
-0.359826	0.829811	-0.021069
-0.356432	0.861809	-0.0385228
-0.349644	1.01501	-0.0734304
-0.32007	0.904959	-0.0559766
-0.347705	0.881687	-0.0264021
-0.36322	0.93114	-0.0467649
-0.363704	0.911262	-0.0467649
-0.3894	0.886536	-0.0254325
-0.40443	0.867627	-0.0234932
-0.438368	0.879263	-0.0360987
-0.50285	0.850174	-0.0293111
-0.554726	0.764844	-0.0695517
-0.619693	0.820599	-0.145185
-0.685145	0.753693	-0.143245
-0.785019	0.821569	-0.224696
-0.798594	0.667394	-0.176699
-0.776777	0.647031	-0.245059
-0.855319	0.629092	-0.22906
-0.848047	0.601942	-0.257665
-0.85435	0.482674	-0.194637
-0.835926	0.446312	-0.234878
-0.816048	0.500613	-0.252816
-0.72781	0.321227	-0.175729
-0.651207	0.349832	-0.156336
-0.642965	0.491886	-0.171365
-0.789867	0.581094	-0.220333
-0.7409	0.429343	-0.181062
-0.905256	0.516612	-0.223727
-0.846592	0.464736	-0.539834
-1.36051	0.429343	-0.171365
-0.85241	0.329954	-0.370145
-0.998828	0.469584	-0.389538
-1.04973	0.40995	-0.401658
-1.02986	0.372134	-0.347358
-1.02549	0.332378	-0.424445
-0.940164	0.31347	-0.448202
-0.899438	0.216019	-0.391477
-0.892166	0.177718	-0.376932
-0.901378	0.120993	-0.372569
-0.876167	0.00705893	-0.265907
-0.854834	0.00851342	-0.325541
-0.873258	-0.0249397	-0.351236
-0.861137	-0.114633	-0.325541
-0.864531	-0.16457	-0.336692
-0.846107	-0.242142	-0.352691
-0.846107	-0.312927	-0.316814
-0.773383	-0.305655	-0.406022
-0.747688	-0.329896	-0.428809
-0.785019	-0.37353	-0.470019
-0.775323	-0.339108	-0.486503
-0.795201	-0.350259	-0.493776
-0.809745	-0.397772	-0.461777
-0.778232	-0.40262	-0.486018
-0.763687	-0.436073	-0.471474
-0.76902	-0.454981	-0.477291
-0.75593	-0.468072	-0.466625
-0.752536	-0.47292	-0.487958
-0.755445	-0.468557	-0.497169
-0.75496	-0.453527	-0.492806
-0.748172	-0.503464	-0.435596
-0.801988	-0.434619	-0.412809

-0.407339	0.893808	-0.0482193
-0.411217	0.895747	-0.0550069
-0.403945	0.890414	-0.0666428
-0.383582	0.88896	-0.0651883
-0.383582	0.91708	-0.0651883
-0.373401	0.895747	-0.0496738
-0.379704	0.910292	-0.0404621
-0.414611	0.860355	-0.0419166
-0.470851	0.880233	-0.103005
-0.55909	0.84581	-0.0899145
-0.635692	0.679029	-0.0777938
-0.78308	0.927261	-0.124337
-0.804897	0.764359	-0.135488
-0.814109	0.647516	-0.142276
-0.813624	0.582064	-0.165063
-0.786959	0.57867	-0.199001
-0.838835	0.49528	-0.13161
-0.836411	0.435646	-0.145185
-0.825745	0.353226	-0.170881
-0.817018	0.230564	-0.169426
-0.852895	0.31347	-0.29839
-0.858228	0.294077	-0.253786
-0.735567	0.178688	-0.25815
-0.751566	0.349347	-0.321177
-0.758839	0.357589	-0.255725
-0.718113	0.246079	-0.206273
-0.918831	0.564125	-0.363842
-0.759323	0.548611	-0.52432
-1.22233	0.716361	-0.489412
-0.936285	0.346438	-0.274634
-0.915923	0.460857	-0.43802
-0.999313	0.470069	-0.443354
-0.979435	0.484129	-0.393416
-0.985253	0.436131	-0.415718
-0.922225	0.430798	-0.400204
-0.90865	0.371164	-0.375963
-0.90865	0.266441	-0.384689
-0.867925	0.180627	-0.412809
-0.872288	0.0822072	-0.318753
-0.825745	0.0366334	-0.314874
-0.863561	0.0288762	-0.356569
-0.883439	-0.0293031	-0.336692
-0.872288	-0.12142	-0.334752
-0.847077	-0.176691	-0.352206
-0.810715	-0.230506	-0.348812
-0.801988	-0.268808	-0.365781
-0.792292	-0.309048	-0.329419
-0.813624	-0.340077	-0.316814
-0.830108	-0.341047	-0.287239
-0.874712	-0.349774	-0.302269
-0.907196	-0.3745	-0.365296
-0.865501	-0.421043	-0.36869
-0.830593	-0.398741	-0.421051
-0.791807	-0.408438	-0.416203
-0.799079	-0.357531	-0.48117
-0.843199	-0.386136	-0.434627
-0.807806	-0.416195	-0.432687
-0.770474	-0.437043	-0.443354

-0.401036	0.896717	-0.0467649
-0.392309	0.893808	-0.0545221
-0.388431	0.909322	-0.0535525
-0.387461	0.905929	-0.0584007
-0.380188	0.907383	-0.0530676
-0.377764	0.900595	-0.0593704
-0.379219	0.902535	-0.0554918
-0.386491	0.884111	-0.0622793
-0.409278	0.904959	-0.0845814
-0.400066	0.879263	-0.0976717
-0.405884	0.900595	-0.0947628
-0.423823	0.881202	-0.108338
-0.433519	0.889444	-0.123852
-0.481033	0.843386	-0.114156
-0.596421	0.702786	-0.0365835
-0.745263	0.98738	-0.116095
-0.678842	0.770177	-0.112701
-0.715204	0.687756	-0.121913
-0.743809	0.633941	-0.119004
-0.774838	0.599518	-0.167002
-0.826714	0.53649	-0.176699
-0.868894	0.418192	-0.154881
-0.914953	0.394921	-0.201425
-0.952769	0.418192	-0.257665
-0.894105	0.402193	-0.308572
-0.848047	0.323166	-0.267361
-0.71278	0.270805	-0.253786
-0.736536	0.50837	-0.351236
-0.655085	0.345468	-0.18785
-0.673994	0.421101	-0.205788
-0.689508	0.547641	-0.274634
-0.889742	0.562186	-0.266876
-0.81023	0.563641	-0.338146
-1.03034	0.496734	-0.426869
-1.17627	0.616487	-0.197546
-0.8815	0.469099	-0.596559
-1.04101	0.475887	-0.45305
-1.05313	0.345953	-0.41184
-0.957618	0.198081	-0.506866
-0.85241	0.137962	-0.408446
-0.869379	0.0928734	-0.425415
-0.813624	-0.00700106	-0.470019
-0.870834	0.0148162	-0.493291
-0.874712	-0.0302728	-0.580075
-0.866955	-0.143722	-0.60771
-0.849016	-0.152449	-0.555349
-0.792776	-0.251839	-0.525289
-0.785019	-0.203356	-0.571348
-0.761263	-0.250384	-0.518017
-0.786474	-0.259111	-0.465656
-0.792292	-0.278504	-0.476322
-0.786474	-0.300322	-0.444323
-0.773868	-0.343471	-0.422021
-0.752536	-0.37547	-0.415718

-0.44661	0.888475	-0.0685821
-0.463579	0.895747	-0.0889448
-0.483941	0.861325	-0.0690669
-0.477154	0.863749	-0.08846
-0.457276	0.875385	-0.0879752
-0.449519	0.880718	-0.0860359
-0.409763	0.885081	-0.0787635
-0.413642	0.891869	-0.0676124
-0.43158	0.898171	-0.0811876
-0.418975	0.892838	-0.112217
-0.482002	0.874415	-0.0729455
-0.50091	0.640728	-0.0540373
-0.734112	1.03926	-0.0617945
-0.758839	0.716846	-0.063249
-0.801503	0.556853	-0.113671
-0.850956	0.5937	-0.171365
-0.884409	0.562186	-0.193668
-0.910589	0.518067	-0.194152
-0.873743	0.437101	-0.222272
-0.841744	0.427889	-0.215
-0.81023	0.513219	-0.280936
-0.731688	0.573337	-0.249423
-0.618724	0.234443	-0.120943
-0.679327	0.697938	-0.31342
-0.610966	0.563156	-0.252332
-0.674963	0.672727	-0.241665
-0.631329	0.724118	-0.204819
-0.961981	0.594185	-0.208697
-1.07252	0.48025	-0.394386
-1.07107	0.398314	-0.331843
-0.787928	0.318318	-0.530138
-0.827199	0.385224	-0.442869
-0.999798	0.519036	-0.448202
-0.974587	0.448252	-0.361903
-0.999313	0.38183	-0.36772
-1.02258	0.381346	-0.447717
-1.03567	0.387163	-0.375963
-0.933376	0.317348	-0.434142
-0.919316	0.316379	-0.441899
-0.897499	0.202929	-0.288209
-0.827684	0.129235	-0.324086
-0.800049	0.054572	-0.285785
-0.783565	0.0448755	-0.332813
-0.817987	-0.00991002	-0.294027
-0.846592	-0.0448176	-0.30033
-0.848047	-0.0787555	-0.280936
-0.817987	-0.127238	-0.278512
-0.774353	-0.190266	-0.317783
-0.800534	-0.308079	-0.317298
-0.836896	-0.343471	-0.396325
-0.910105	-0.371106	-0.370629
-0.830108	-0.297413	-0.48214
-0.814109	-0.274626	-0.543228
-0.841744	-0.292564	-0.50832
-0.853865	-0.277535	-0.507351
-0.827199	-0.286262	-0.498624
-0.808776	-0.294988	-0.486503
-0.826714	-0.30517	-0.473413
-0.829623	-0.325048	-0.492806
-0.812169	-0.344441	-0.507351
-0.836411	-0.356561	-0.492321

-0.454367	1.11731	-0.0937931
-0.331221	0.646546	0.00317234
-0.381158	0.938897	-0.0710062
-0.356917	1.00823	-0.0870055
-0.370007	0.862294	-0.0137966
-0.39037	0.928715	-0.012827
-0.360795	0.929685	-0.038038
-0.354008	0.91611	-0.0327049
-0.370977	0.909807	-0.0249476
-0.358856	0.90108	-0.0390076
-0.358371	0.911746	-0.0656731
-0.370977	0.923382	-0.0622793
-0.377764	0.871021	-0.0622793
-0.399097	0.904959	-0.104459
-0.407339	0.937927	-0.123852
-0.417035	0.878778	-0.103974
-0.563453	0.632001	0.00656613
-0.772899	1.09744	-0.0613097
-0.729749	0.772116	-0.0317352
-0.71375	0.595154	-0.0826421
-0.780171	0.713452	-0.166032
-0.841259	0.656727	-0.18688
-0.845138	0.569459	-0.170881
-0.847077	0.513219	-0.188819
-0.836896	0.452615	-0.207728
-0.807321	0.528248	-0.261058
-0.752536	0.451645	-0.224212
-0.622117	0.232019	-0.197546
-0.778716	0.679514	-0.364327
-0.62745	0.450191	-0.299845
-0.718598	0.526794	-0.277543
-0.83835	0.501583	-0.25621
-0.829623	0.49625	-0.438505
-0.879561	0.433222	-0.369175
-1.19761	0.469584	-0.322147
-0.870349	0.301349	-0.437536
-0.939679	0.407526	-0.556803
-0.932407	0.430313	-0.452565
-0.976526	0.413344	-0.456444
-0.926589	0.266441	-0.529168
-0.933376	0.152992	-0.507351
-0.871803	0.102085	-0.443838
-0.862592	0.0807527	-0.420567
-0.79714	0.0526327	-0.385659
-0.798594	0.0332396	-0.412809
-0.849016	0.0996609	-0.58056
-0.862592	0.0138465	-0.579105
-0.833502	-0.120935	-0.576681
-0.814594	-0.144207	-0.531107
-0.8112	-0.147116	-0.575711
-0.804897	-0.128208	-0.534501
-0.842229	-0.0962093	-0.507836
-0.822836	-0.12239	-0.46711
-0.781141	-0.173782	-0.456929
-0.76902	-0.182993	-0.485049
-0.789383	-0.204326	-0.450141
-0.801988	-0.241173	-0.39584
-0.849501	-0.229537	-0.356569
-0.850956	-0.184933	-0.389053
-0.926104	-0.162146	-0.355115
-0.983798	-0.198023	-0.348812
-0.980405	-0.243597	-0.317298
-0.944527	-0.266868	-0.322632
-0.929982	-0.278019	-0.315359
-0.883924	-0.27705	-0.304693
-0.863561	-0.278019	-0.319723

-0.381158	0.796358	-0.0516131
-0.413642	0.895262	-0.0651883
-0.394248	0.923867	-0.105429
-0.434004	0.890899	-0.0554918
-0.429156	0.903505	-0.0457952
-0.409278	0.907383	-0.0501587
-0.398612	0.904474	-0.0608249
-0.377279	0.927746	-0.0617945
-0.359826	0.91708	-0.06034
-0.362735	0.906413	-0.0671276
-0.36322	0.884596	-0.0676124
-0.410733	0.969926	-0.099611
-0.437883	0.841931	-0.0816724
-0.504304	0.716361	-0.00410007
-0.569271	1.03829	-0.120459
-0.523697	0.868597	-0.049189
-0.507698	0.773571	-0.0482193
-0.516425	0.751269	-0.0457952
-0.596421	0.759026	-0.0181601
-0.747203	0.737209	-0.0108877
-0.798594	0.697453	-0.0433711
-0.862107	0.684363	-0.0283414
-0.885378	0.824478	-0.174274
-0.858713	0.870051	-0.250877
-0.83835	0.561701	-0.148094
-0.641026	0.435161	-0.263483
-0.733628	0.659152	-0.32748
-0.551817	0.503037	-0.239726
-0.517395	0.599518	-0.242635
-0.555696	0.614063	-0.0516131
-0.639086	0.652849	-0.247968
-0.639571	0.535521	-0.444323
-1.05992	0.447767	-0.263483
-1.37457	0.505461	-0.598013
-0.89556	0.197111	-0.46711
-0.99398	0.484614	-0.48214
-0.974102	0.450676	-0.438505
-0.97895	0.444858	-0.407961
-0.980405	0.39783	-0.426869
-0.961981	0.391042	-0.457414
-0.967314	0.34062	-0.415234
-0.929982	0.26935	-0.391962
-0.882469	0.199535	-0.447232
-0.840289	0.156386	-0.472443
-0.836896	0.114691	-0.367236
-0.800534	0.040512	-0.380811
-0.815078	0.0439058	-0.372569
-0.762717	-0.0254245	-0.393416
-0.817987	-0.131117	-0.383235
-0.840774	-0.256687	-0.330389
-0.823805	-0.294019	-0.347843
-0.836896	-0.302261	-0.351236
-0.848047	-0.340077	-0.352206
-0.875197	-0.364319	-0.35366
-0.8815	-0.362864	-0.377902
-0.814109	-0.342986	-0.45402
-0.815563	-0.288686	-0.486018
-0.805867	-0.321169	-0.468565
-0.784534	-0.325048	-0.497654

-0.368068	0.98738	-0.0588855
-0.350614	0.940836	-0.0414318
-0.356432	0.911262	-0.0370683
-0.342857	0.912231	-0.0598552
-0.351099	0.917564	-0.0525828
-0.351099	0.912231	-0.04628
-0.332675	0.904474	-0.0550069
-0.337039	0.914171	-0.0399773
-0.345281	0.91514	-0.0457952
-0.338493	0.917564	-0.0394925
-0.361765	0.919019	-0.0438559
-0.37534	0.855022	-0.0516131
-0.426732	0.913686	-0.0671276
-0.544545	0.921928	-0.0293111
-0.623572	0.661091	0.0565033
-0.842229	1.00386	-0.0244628
-0.830593	0.77648	0.0371102
-0.834956	0.574307	0.00947509
-0.851441	0.599518	-0.0506435
-0.891196	0.582549	-0.0360987
-0.845623	0.472008	-0.0200994
-0.787928	0.49625	-0.0511283
-0.724416	0.535521	-0.127246
-0.685145	0.529218	-0.217909
-0.621148	0.399284	-0.155851
-0.688054	0.763389	-0.246514
-0.563453	0.657697	-0.336207
-0.597391	0.700362	-0.258634
-0.771929	0.728967	-0.244574
-0.966345	0.746905	-0.25718
-0.879076	0.573822	-0.300814
-0.813139	0.504492	-0.670253
-0.910589	0.506916	-0.470019
-0.968284	0.434677	-0.520926
-0.981859	0.328499	-0.527714
-0.984768	0.264017	-0.587832
-0.876652	0.265957	-0.53838
-0.764656	0.203899	-0.459838
-0.806836	0.268866	-0.498139
-0.727325	0.192748	-0.556318
-0.772414	0.0705713	-0.522865
-0.76902	0.01821	-0.57862
-0.739445	-0.0486962	-0.570378
-0.784534	-0.12239	-0.534986
-0.737991	-0.130632	-0.597529
-0.757384	-0.125784	-0.577651
-0.783565	-0.130147	-0.556318
-0.795685	-0.166994	-0.521896
-0.802473	-0.222749	-0.528198
-0.75496	-0.254748	-0.526744
-0.722476	-0.2499	-0.488927
-0.69872	-0.237294	-0.45208
-0.696296	-0.240203	-0.451111
-0.916407	-0.29014	-0.322147
-0.945012	-0.177175	-0.474867
-0.932407	-0.202386	-0.48117

-0.342372	0.911746	-0.0656731
-0.355947	0.923382	-0.0613097
-0.313767	0.925322	-0.0865207
-0.320555	0.912716	-0.0651883
-0.319585	0.923867	-0.0768242
-0.318131	0.9292	-0.0777938
-0.332675	0.918534	-0.0656731
-0.331706	0.923867	-0.0714911
-0.341887	0.926776	-0.0685821
-0.358371	0.93114	-0.0700366
-0.370492	0.839507	-0.0651883
-0.426247	0.904959	-0.0865207
-0.44661	0.951018	-0.134034
-0.442731	0.76145	-0.0811876
-0.563938	1.00144	-0.04628
-0.649268	0.8749	-0.00652421
-0.678842	0.757572	-0.0317352
-0.726355	0.682423	-0.0569462
-0.799564	0.679999	-0.114156
-0.845138	0.645092	-0.122883
-0.85241	0.563641	-0.10349
-0.819442	0.557338	-0.169911
-0.808776	0.470554	-0.170396
-0.79617	0.598063	-0.28433
-0.705023	0.530672	-0.284815
-0.578968	0.319772	-0.168941
-0.658479	0.728482	-0.241665
-0.608057	0.563156	-0.212091
-0.648298	0.713452	-0.250392
-0.771444	0.56461	-0.188819
-0.767565	0.654788	-0.428809
-0.827684	0.62182	-0.540319
-1.37796	0.416253	-0.264452
-0.634238	0.520491	-0.604316
-1.11276	0.643637	-0.499593
-0.920286	0.490917	-0.568924
-0.985253	0.528733	-0.477291
-0.899438	0.423526	-0.442869
-0.888772	0.420132	-0.393901
-0.854834	0.321712	-0.41184
-0.794231	0.240261	-0.426869
-0.76999	0.139417	-0.350267
-0.741385	0.105479	-0.34057
-0.744294	0.0443906	-0.364327
-0.777262	-0.00748588	-0.342509
-0.789867	-0.0385148	-0.3556
-0.804412	-0.0554838	-0.36772
-0.842229	-0.0894217	-0.352206
-0.900408	-0.141298	-0.349782
-0.924165	-0.146631	-0.422506
-0.847562	-0.148571	-0.553894
-0.876652	-0.156813	-0.547591
-0.820412	-0.181054	-0.568924
-0.788413	-0.167964	-0.563591
-0.765141	-0.181054	-0.529653
-0.76999	-0.165055	-0.505896
-0.79714	-0.209659	-0.508805
-0.819927	-0.234385	-0.518987
-0.811685	-0.273656	-0.504442
-0.824775	-0.272202	-0.515108

-0.359341	0.864233	-0.0341594
-0.338978	0.948109	-0.0758545
-0.355947	0.94326	-0.0676124
-0.375825	0.919504	-0.0390076
-0.357402	0.91708	-0.0569462
-0.339948	0.91708	-0.063249
-0.36322	0.921928	-0.0598552
-0.345281	0.897687	-0.0714911
-0.355462	0.896232	-0.0797331
-0.416066	0.949563	-0.0714911
-0.452428	0.870536	-0.0453104
-0.498486	0.77648	-0.0196145
-0.605633	1.06204	-0.0346442
-0.591573	0.711513	0.0351709
-0.666237	0.719755	-0.0230083
-0.762232	0.710058	-0.0705214
-0.797625	0.628607	-0.122398
-0.834956	0.526309	-0.135003
-0.905256	0.512734	-0.177183
-0.876652	0.440494	-0.199485
-0.812169	0.535521	-0.214515
-0.6706	0.568974	-0.287724
-0.540666	0.469584	-0.262513
-0.639571	0.74642	-0.313905
-0.595937	0.639274	-0.331843
-0.569271	0.698423	-0.295966
-0.934831	0.722179	-0.135488
-0.944527	0.731391	-0.421051
-0.915923	0.450191	-0.419597
-0.933861	0.385709	-0.715342
-1.08416	0.347892	-0.494745
-0.916407	0.189354	-0.601892
-0.889257	0.199535	-0.568439
-0.861622	0.124387	-0.613528
-0.814594	0.120993	-0.654738
-0.757384	0.0919037	-0.560197
-0.777747	0.0841465	-0.683828
-0.721507	0.0157858	-0.658132
-0.702114	-0.0326969	-0.638254
-0.72587	-0.0763313	-0.602377
-0.710841	-0.114148	-0.546622
-0.710841	-0.15051	-0.547107
-0.719568	-0.187357	-0.541773
-0.748172	-0.251839	-0.555833
-0.729264	-0.279474	-0.559227
-0.706962	-0.289171	-0.509775
-0.719083	-0.288201	-0.489412
-0.741385	-0.270747	-0.541773
-0.822836	-0.350744	-0.393416
-0.893136	-0.284807	-0.459838
-0.927558	-0.285777	-0.461777
-0.973617	-0.315836	-0.407961
-0.936285	-0.338138	-0.383235
-0.850471	-0.350259	-0.391962
-0.809745	-0.337653	-0.404567
-0.806836	-0.321169	-0.383235
-0.801988	-0.31923	-0.363357
-0.808291	-0.33329	-0.369175
-0.817503	-0.325533	-0.363842

-0.345281	0.915625	-0.107368
-0.345281	0.905929	-0.0908841
-0.342372	0.920473	-0.0947628
-0.324433	0.901565	-0.0845814
-0.324918	0.918049	-0.0923386
-0.344796	0.931625	-0.0651883
-0.318131	0.924837	-0.066158
-0.307464	0.908353	-0.0942779
-0.339948	0.925322	-0.0860359
-0.336069	0.942291	-0.119004
-0.351099	0.899141	-0.11755
-0.39037	0.83078	-0.104944
-0.536303	0.76145	-0.023978
-0.654116	1.07901	-0.112217
-0.593997	0.67709	-0.0356138
-0.615814	0.650425	-0.0971869
-0.627935	0.718785	-0.11658
-0.596421	0.716361	-0.120943
-0.518364	0.615032	-0.0860359
-0.434974	0.725573	-0.107368
-0.399097	1.08386	-0.173305
-0.298737	0.660606	-0.0302807
-0.266739	0.787631	-0.0302807
-0.23474	0.713937	-0.0826421
-0.316191	1.01938	-0.114641
-0.37631	0.911746	-0.0482193
-0.418005	1.02811	-0.11755
-0.247346	1.09647	-0.321177
-0.560059	1.2424	-0.152942
-0.51594	1.13089	-0.229545
-0.954224	1.33161	-0.0370683
-0.592058	0.834659	-0.667829
-0.782595	0.862779	-0.28627
-0.644419	0.856476	-0.410385
-0.687084	0.793449	-0.443838
-0.697265	0.690181	-0.348812
-0.62842	0.682423	-0.495715
-0.649268	0.652849	-0.498139
-0.682721	0.625214	-0.461777
-0.664297	0.619396	-0.550016
-0.608542	0.529703	-0.620315
-0.628905	0.443888	-0.407476
-0.636177	0.396375	-0.578136
-0.595937	0.306197	-0.511714
-0.658479	0.272259	-0.493291
-0.658964	0.282441	-0.572802
-0.682236	0.209717	-0.543713
-0.683205	0.151537	-0.608195
-0.708901	0.0996609	-0.556803
-0.715204	0.0943278	-0.574742
-0.750112	0.0119072	-0.523835
-0.772899	-0.0356059	-0.463716
-0.812654	-0.0554838	-0.447717
-0.848047	-0.13645	-0.413294
-0.881015	-0.0996031	-0.483594
-0.921256	-0.128208	-0.451596
-0.909135	-0.125784	-0.474383
-0.898954	-0.179115	-0.454505
-0.853865	-0.166509	-0.460322
-0.849016	-0.15148	-0.46711
-0.808776	-0.166509	-0.446263
-0.804897	-0.152449	-0.465656
-0.83932	-0.142753	-0.491836
-0.850956	-0.0559686	-0.629042

-0.359341	0.921443	-0.123852
-0.327342	0.934049	-0.182032
-0.345281	0.896717	-0.166517
-0.380188	0.892838	-0.137912
-0.366613	0.900111	-0.165063
-0.358856	0.908353	-0.174759
-0.379704	0.889444	-0.136458
-0.368068	0.893323	-0.133064
-0.372916	0.900595	-0.124822
-0.36128	0.899626	-0.127246
-0.37631	0.905444	-0.11755
-0.391339	0.888475	-0.10252
-0.443701	0.605821	-0.0133118
-0.608542	1.20022	-0.0821573
-0.580422	0.858416	-0.0487042
-0.564423	0.655273	-0.0598552
-0.646359	0.693089	-0.136943
-0.657994	0.62182	-0.105429
-0.625996	0.527279	-0.111732
-0.517879	0.490432	-0.08846
-0.389885	0.840477	-0.202879
-0.289526	0.835144	-0.0268869
-0.2488	0.981562	0.0308075
-0.265769	1.04023	0.0104447
-0.179955	0.819629	0.00123303
-0.29195	1.09356	-0.0225235
-0.399582	0.940836	-0.00119111
-0.407824	1.15174	-0.201425
-0.556181	1.04217	0.0419585
-0.419944	1.01211	-0.325541
-0.627935	1.12701	-0.319723
-0.774353	1.17404	-0.03222
-0.562483	1.0601	-0.314389
-0.630844	1.0412	-0.213545
-0.599815	1.04507	-0.262998
-0.61533	0.977198	-0.208212
-0.603209	0.915625	-0.249907
-0.57218	0.822538	-0.335722
-0.606603	0.764844	-0.259119
-0.624057	0.735269	-0.303723
-0.631329	0.710058	-0.372084
-0.646843	0.658182	-0.245544
-0.634238	0.698907	-0.403113
-0.648783	0.536005	-0.371114
-0.617269	0.418192	-0.368205
-0.636177	0.351771	-0.350752
-0.665752	0.350317	-0.361903
-0.703083	0.294077	-0.374993
-0.722961	0.257715	-0.424445
-0.782595	0.209717	-0.385659
-0.813624	0.24317	-0.408931
-0.810715	0.167537	-0.433172
-0.844653	0.156871	-0.436081
-0.833987	0.168022	-0.432203
-0.790352	0.189354	-0.599468
-0.816533	0.170446	-0.583469
-0.81023	0.158325	-0.613043
-0.793746	0.0817223	-0.575711
-0.732173	0.0628141	-0.561651
-0.696296	0.0851161	-0.585408
-0.751081	0.0885099	-0.564076

-0.470851	0.393951	-0.356085
-0.607572	0.772116	-0.375478
-0.485881	0.888475	-0.450141
-0.547939	0.891869	-0.370145
-0.441762	0.859385	-0.492321
-0.705992	0.950048	-0.132094
-0.43255	0.886051	-0.185425
-0.320555	0.909322	-0.259604
-0.339463	0.913686	-0.210636
-0.366613	0.897687	-0.180577
-0.371946	0.852113	-0.138882
-0.376795	0.828841	-0.114641
-0.390855	0.932594	-0.0845814
-0.531939	0.980107	-0.0705214
-0.549878	0.762905	0.00802061
-0.550848	0.77551	-0.0739152
-0.593028	0.780358	-0.117065
-0.631814	0.746905	-0.122398
-0.611936	0.653818	-0.100096
-0.581392	0.653334	-0.126277
-0.457276	0.64994	-0.154881
-0.327342	0.796358	-0.167002
-0.267224	0.745936	-0.0390076
-0.278375	1.04071	-0.0171904
-0.130502	0.853082	0.0618364
-0.121291	0.939867	0.0608668
-0.148926	1.08677	-0.0302807
-0.224559	1.00047	-0.0414318
-0.325403	1.06447	-0.18785
-0.261891	1.32724	-0.318753
-0.547939	1.07271	-0.215
-0.960527	1.36361	-0.137428
-0.692417	0.924837	-0.0729455
-0.637147	1.00435	-0.425415
-0.706962	1.00629	-0.259604
-0.633268	0.946169	-0.293542
-0.652177	0.918534	-0.381296
-0.677388	0.857446	-0.35463
-0.68466	0.799751	-0.370145
-0.699205	0.769207	-0.36966
-0.658964	0.699877	-0.447717
-0.657025	0.621335	-0.384205
-0.699205	0.464736	-0.337661
-0.661873	0.36874	-0.331358
-0.723931	0.312985	-0.336692
-0.694841	0.206808	-0.339116
-0.737991	0.15784	-0.344449
-0.760778	0.0851161	-0.358024
-0.782595	0.0618444	-0.353176
-0.76902	0.037603	-0.403113
-0.779686	-0.02397	-0.375963
-0.790837	-0.0496659	-0.423476
-0.854834	-0.115118	-0.399719
-0.828169	-0.0855431	-0.486503
-0.833987	-0.0341514	-0.5665
-0.824775	-0.0142735	-0.62274
-0.798594	-0.0302728	-0.642133

-0.386491	0.871506	-0.207243
-0.360311	0.883142	-0.224212
-0.381643	0.882657	-0.179608
-0.386976	0.891384	-0.160699
-0.354493	0.904474	-0.164093
-0.387461	0.914656	-0.0928235
-0.373401	0.894293	-0.0957324
-0.421399	0.909322	-0.136458
-0.596906	0.749814	0.00268751
-0.630359	0.755632	-0.0516131
-0.733628	0.982531	-0.15876
-0.609997	0.652364	-0.149548
-0.581877	0.549581	-0.170881
-0.594482	0.674666	-0.163123
-0.528546	0.596609	-0.143245
-0.47279	0.537945	-0.0763393
-0.307464	0.657697	-0.121428
-0.303586	0.793934	-0.0714911
-0.293404	1.12265	-0.108338
-0.180924	1.0252	0.0807447
-0.271102	1.05671	0.0162627
-0.193045	0.867627	-0.00313041
-0.216802	1.10374	0.0526247
-0.326373	1.02471	-0.0225235
-0.286617	1.24676	-0.137912
-0.538242	1.04701	0.0691088
-0.320555	1.08628	-0.0506435
-0.512061	1.14737	-0.0196145
-0.344796	1.12943	-0.212091
-0.455337	1.35827	-0.263967
-0.596906	1.03489	-0.325056
-0.64151	1.0315	-0.308087
-0.604179	1.00629	-0.321662
-0.679812	0.951502	-0.36772
-0.58527	0.839023	-0.469534
-0.629875	0.824478	-0.575711
-0.611936	0.693089	-0.513653
-0.593997	0.642183	-0.474383
-0.588179	0.53649	-0.457414
-0.555696	0.477826	-0.59462
-0.582846	0.330924	-0.539349
-0.582846	0.34062	-0.531107
-0.614845	0.3125	-0.605771
-0.594482	0.226201	-0.610619
-0.601755	0.192748	-0.629527
-0.614845	0.140871	-0.611589
-0.615814	0.100146	-0.591226
-0.649752	0.114206	-0.582014
-0.686599	0.120993	-0.598983
-0.802958	0.0705713	-0.448202
-0.900893	0.11663	-0.478261
-0.955678	0.101115	-0.48214
-0.973132	0.0550568	-0.476322
-0.884409	0.0157858	-0.484079
-0.823805	-0.0220307	-0.466625
-0.818957	-0.0244548	-0.465171
-0.768535	-0.0714831	-0.46711
-0.789383	-0.0986334	-0.474867
-0.792292	-0.106391	-0.511229

-0.435944	0.868597	-0.085551
-0.413157	0.896232	-0.131125
-0.41655	0.9452	-0.0889448
-0.34722	0.894778	-0.125307
-0.336554	0.890899	-0.161669
-0.338493	0.911746	-0.175244
-0.351099	0.892353	-0.158275
-0.353523	0.881202	-0.198516
-0.47473	0.856961	-0.108338
-0.593028	0.630547	-0.0215538
-0.650237	1.11974	-0.150518
-0.625511	0.886051	-0.100096
-0.586725	0.684363	-0.0967021
-0.577028	0.688241	-0.139852
-0.54406	0.64897	-0.168457
-0.539697	0.57867	-0.132094
-0.444186	0.537945	-0.145185
-0.355947	0.726543	-0.172335
-0.322979	0.777449	-0.121428
-0.37534	0.914656	0.00656613
-0.22068	0.942776	0.0114144
-0.252194	0.90205	0.0186868
-0.267709	0.899626	-0.0254325
-0.3191	1.15561	-0.105914
-0.305525	1.04556	-0.116095
-0.304555	1.2487	-0.183486
-0.55909	1.06204	-0.0133118
-0.688539	0.956351	-0.0811876
-0.705992	1.02859	-0.261058
-0.546484	0.95829	-0.213061
-0.639086	1.11004	-0.297421
-0.722476	1.01162	-0.259604
-0.637147	0.952472	-0.329904
-0.669146	0.97138	-0.321177
-0.614845	0.91708	-0.360448
-0.620663	0.878293	-0.343479
-0.662843	0.793934	-0.465171
-0.602239	0.565095	-0.319238
-0.678357	0.573337	-0.278512
-0.699205	0.448737	-0.397295
-0.664782	0.243655	-0.384205
-0.648783	0.259169	-0.360448
-0.722476	0.239291	-0.371599
-0.718113	0.182082	-0.38178
-0.747688	0.137477	-0.379841
-0.747688	0.112266	-0.420567
-0.78308	0.0749347	-0.440445
-0.814594	0.0409968	-0.534501
-0.874712	0.0109376	-0.484079
-0.76902	-0.00506175	-0.69304
-0.819442	-0.0433631	-0.576681
-0.730719	-0.103482	-0.525289
-0.714234	-0.110269	-0.545167
-0.691448	-0.111239	-0.604801
-0.709386	-0.166994	-0.573772
-0.777747	-0.222264	-0.544198
-0.811685	-0.233415	-0.529653
-0.79811	-0.227113	-0.518017
-0.795685	-0.181539	-0.544198

-0.371462	0.918049	-0.115126
-0.386976	0.906898	-0.120943
-0.374371	0.907868	-0.113671
-0.364674	0.914171	-0.120943
-0.345766	0.907383	-0.137912
-0.350129	0.90108	-0.138397
-0.338978	0.915625	-0.152457
-0.327342	0.907383	-0.158275
-0.340917	0.953442	-0.175729
-0.37534	0.901565	-0.147124
-0.466488	0.674181	-0.0627642
-0.59933	1.05816	-0.146154
-0.581877	0.779389	-0.110762
-0.560544	0.688241	-0.134034
-0.567817	0.770177	-0.185425
-0.575574	0.724118	-0.195122
-0.579937	0.631032	-0.146154
-0.544545	0.564125	-0.148094
-0.429156	0.723634	-0.194152
-0.352068	0.791025	-0.213545
-0.274496	0.626668	-0.0147663
-0.316191	1.01405	-0.0419166
-0.273526	0.890899	0.0235351
-0.321524	0.900111	0.0332316
-0.391824	1.10325	0.0361406
-0.23474	0.960714	-0.0336745
-0.344311	1.12119	-0.0234932
-0.355947	0.967502	-0.0894297
-0.331706	0.982046	-0.0908841
-0.433035	0.993197	0.0060813
-0.593512	1.10907	-0.223242
-0.65557	1.06544	-0.310996
-0.637632	0.912231	-0.213061
-0.609997	0.940836	-0.417658
-0.653631	0.950533	-0.297905
-0.651207	0.927746	-0.356569
-0.637147	0.941321	-0.445293
-0.657994	0.889929	-0.426869
-0.678357	0.807509	-0.443838
-0.586725	0.7886	-0.41087
-0.636662	0.698423	-0.349297
-0.572665	0.657212	-0.456929
-0.569271	0.488977	-0.300814
-0.579452	0.443888	-0.420567
-0.617269	0.381346	-0.453535
-0.614845	0.282441	-0.413294
-0.62842	0.232019	-0.566984
-0.686599	0.154446	-0.549046
-0.681266	0.113721	-0.579105
-0.672539	0.132629	-0.62177
-0.669146	0.090934	-0.670737
-0.714234	0.0594203	-0.646011
-0.69969	0.043421	-0.674131
-0.69872	0.0342093	-0.680434
-0.718113	0.0380879	-0.680919

-0.339463	0.911746	-0.0991262
-0.339948	0.900111	-0.0845814
-0.340433	0.913201	-0.0850662
-0.342372	0.91514	-0.0807028
-0.350129	0.910292	-0.0622793
-0.360311	0.922898	-0.0734304
-0.361765	0.935988	-0.0807028
-0.352068	0.871506	-0.0845814
-0.407824	0.685817	-0.0399773
-0.64248	1.12313	-0.0782786
-0.692902	0.775995	-0.0118573
-0.731203	0.639274	-0.12967
-0.789383	0.60776	-0.175244
-0.65654	0.609699	-0.231969
-0.622117	0.532127	-0.188819
-0.538727	0.593215	-0.199485
-0.359341	0.819144	-0.198031
-0.327827	0.84581	-0.15876
-0.289526	0.866173	-0.0482193
-0.34916	0.854537	0.0409889
-0.490244	0.989804	-0.0293111
-0.379219	0.946654	-0.123852
-0.336069	0.982531	-0.0918538
-0.255103	1.16628	-0.0477345
-0.641026	1.03926	0.0245047
-0.585755	1.01453	-0.223242
-0.708901	1.03732	-0.582014
-0.838835	1.07853	-0.0438559
-0.455822	0.897202	-0.647951
-0.831078	0.880233	-0.285785
-0.61436	0.90205	-0.406507
-0.734112	0.882657	-0.406991
-0.753021	0.816236	-0.578136
-0.704053	0.636365	-0.612073
-0.721507	0.513219	-0.566984
-0.686114	0.45407	-0.606255
-0.73993	0.358074	-0.514138
-0.697265	0.292622	-0.657647
-0.647813	0.187415	-0.615467
-0.639571	0.131175	-0.588317
-0.611936	0.0594203	-0.518502
-0.692902	0.00754376	-0.473898
-0.680781	-0.0506355	-0.537895
-0.725385	-0.13742	-0.421536
-0.78211	-0.165055	-0.41184
-0.809745	-0.195114	-0.32748
-0.867925	-0.214992	-0.295966
-0.938225	-0.197538	-0.362387
-0.938225	-0.250869	-0.295481
-0.873743	-0.256202	-0.336692
-0.826229	-0.298867	-0.322147
-0.814594	-0.276565	-0.360933
-0.830108	-0.272202	-0.345903
-0.828169	-0.234385	-0.363357
-0.821381	-0.26202	-0.325056
-0.847562	-0.261535	-0.375478
-0.882954	-0.291595	-0.377417
-0.921256	-0.281898	-0.400204

-0.33413	0.886536	-0.114156
-0.347705	0.932594	-0.14567
-0.371946	0.931625	-0.120459
-0.367098	0.891384	-0.111732
-0.350614	0.918534	-0.133064
-0.342372	0.889929	-0.12967
-0.353523	0.926291	-0.138397
-0.407824	0.875869	-0.116095
-0.638117	0.600003	0.128743
-0.645874	1.16774	-0.159245
-0.602724	0.826902	-0.0918538
-0.635208	0.615517	-0.0695517
-0.649268	0.662545	-0.119004
-0.651207	0.612608	-0.192698
-0.6003	0.470069	-0.171365
-0.531455	0.414314	-0.114641
-0.470851	0.935018	-0.228575
-0.400551	0.816236	-0.136458
-0.406369	0.966532	-0.0845814
-0.317161	0.916595	-0.12967
-0.327827	0.905929	-0.0777938
-0.329766	0.924352	-0.0613097
-0.360311	0.921443	-0.0312504
-0.435459	0.916595	-0.0341594
-0.466488	0.965078	-0.181062
-0.426732	0.919019	-0.344449
-0.67157	1.05283	-0.246514
-0.604663	1.03344	-0.332813
-0.862592	0.90302	-0.299845
-0.612421	0.87393	-0.503472
-0.712295	0.935503	-0.335722
-0.650237	0.962653	-0.340085
-0.752536	0.890414	-0.390023
-0.729749	0.849204	-0.398749
-0.75496	0.778419	-0.383235
-0.68369	0.764844	-0.429778
-0.749627	0.754178	-0.407961
-0.751566	0.600003	-0.445293
-0.681266	0.511764	-0.366266
-0.789867	0.42498	-0.402143
-0.746718	0.366801	-0.403598
-0.714719	0.225716	-0.341055
-0.667206	0.123902	-0.369175
-0.690478	0.113721	-0.314874
-0.718598	0.0846313	-0.327965
-0.711325	-0.0564534	-0.303723
-0.723446	-0.0903913	-0.359478
-0.820412	-0.126753	-0.319238
-0.836411	-0.175236	-0.391962
-0.821381	-0.20675	-0.470989
-0.886348	-0.228567	-0.438505
-0.826714	-0.257172	-0.599953
-0.834956	-0.297413	-0.537895
-0.820412	-0.303231	-0.505411
-0.718598	-0.267353	-0.500078

-0.346251	0.910292	-0.112217
-0.335584	0.914656	-0.133064
-0.320555	0.91611	-0.156336
-0.339463	0.912231	-0.125307
-0.356917	0.923867	-0.105429
-0.372431	0.916595	-0.115126
-0.477154	0.795873	-0.0399773
-0.641026	0.87296	-0.00749386
-0.679812	0.963138	-0.104944
-0.60127	0.668363	-0.0860359
-0.608057	0.679029	-0.167002
-0.611451	0.660121	-0.180092
-0.581392	0.62085	-0.178153
-0.479578	0.485583	-0.128216
-0.409278	0.757572	-0.206758
-0.379219	0.860355	-0.166517
-0.333645	1.1018	-0.0923386
-0.241043	0.871991	0.0249896
-0.345281	1.00677	0.0666847
-0.250255	0.822054	0.0506854
-0.195954	1.03441	0.0157778
-0.312797	0.922898	0.0608668
-0.403945	1.00192	0.0177172
-0.417035	0.994167	-0.168457
-0.51594	0.897687	-0.11561
-0.55715	0.953927	-0.247483
-0.455822	1.08822	-0.432687
-1.00513	0.999985	-0.25815
-0.468912	1.0092	-0.478746
-0.795685	0.963138	-0.262513
-0.658479	0.880718	-0.460322
-0.698235	0.850174	-0.478746
-0.710841	0.746905	-0.484079
-0.673509	0.698907	-0.591711
-0.612421	0.567034	-0.478261
-0.687569	0.540854	-0.568924
-0.622602	0.46716	-0.654253
-0.569271	0.279532	-0.443838
-0.665267	0.295046	-0.64892
-0.61436	0.175779	-0.599468
-0.639571	0.128266	-0.572318
-0.705992	0.148628	-0.611104
-0.643934	0.00754376	-0.533531
-0.687569	-0.00263761	-0.63583
-0.670115	-0.0850582	-0.560197
-0.746233	-0.0933003	-0.491836
-0.801988	-0.174751	-0.422021
-0.841259	-0.1636	-0.407476
-0.879076	-0.161176	-0.387114
-0.947436	-0.146146	-0.405052
-0.89556	-0.181054	-0.376447
-0.850956	-0.212083	-0.340085
-0.827199	-0.242142	-0.36772
-0.812169	-0.246506	-0.375478
-0.816533	-0.251839	-0.374023
-0.814109	-0.278504	-0.358509

-0.449034	0.903505	-0.0894297
-0.418005	0.906413	-0.107853
-0.401521	0.876354	-0.18785
-0.37631	0.891384	-0.212576
-0.387946	0.871021	-0.170881
-0.387461	0.883627	-0.13161
-0.383582	0.90302	-0.0845814
-0.34916	0.900595	-0.126277
-0.399097	0.770177	-0.091369
-0.511092	0.833205	-0.0375531
-0.625996	1.10859	-0.204334
-0.641026	0.665939	0.00171786
-0.665267	0.637819	-0.140337
-0.713265	0.695514	-0.222272
-0.706962	0.613578	-0.225666
-0.734597	0.58061	-0.195122
-0.701144	0.713452	-0.210152
-0.633268	0.671272	-0.176214
-0.549393	0.779874	-0.171365
-0.347705	0.610184	-0.0724607
-0.461639	0.998046	0.00511165
-0.22165	0.810418	-0.066158
-0.36128	1.01211	0.0118992
-0.33413	0.884111	-0.104459
-0.329282	1.02811	-0.0419166
-0.409278	0.966532	-0.0113725
-0.418005	0.97138	-0.196092
-0.703083	1.15319	-0.311481
-0.86841	1.08628	-0.0375531
-0.560059	0.950048	-0.312935
-0.642965	0.977198	-0.427839
-0.826229	0.895262	-0.399719
-0.734597	0.801206	-0.46711
-0.775323	0.698423	-0.43899
-0.709871	0.683878	-0.630982
-0.717628	0.640728	-0.541289
-0.6706	0.552974	-0.520441
-0.608057	0.457948	-0.533047
-0.59933	0.38183	-0.443354
-0.657994	0.389103	-0.49426
-0.619208	0.394436	-0.618376
-0.596906	0.283895	-0.477776
-0.69969	0.218928	-0.482625
-0.753021	0.107418	-0.569893
-0.847562	-0.0317272	-0.455959
-0.844168	-0.158752	-0.475352
-0.824775	-0.202386	-0.432203
-0.788898	-0.153904	-0.512199
-0.819927	-0.174266	-0.449656
-0.812169	-0.146146	-0.4802
-0.808776	-0.197053	-0.456929
-0.8112	-0.249415	-0.448202
-0.773868	-0.271232	-0.491351

-0.315222	0.897202	-0.0782786
-0.269163	0.906413	-0.119489
-0.303101	0.977198	-0.118034
-0.334615	0.913686	-0.0680973
-0.341887	0.922413	-0.0918538
-0.338978	0.923382	-0.11755
-0.341887	0.910777	-0.111732
-0.341887	0.903989	-0.112217
-0.336554	0.905444	-0.119974
-0.333645	0.914171	-0.109792
-0.317161	0.911746	-0.106399
-0.32007	0.926776	-0.105429
-0.310373	0.925322	-0.0952476
-0.311828	0.929685	-0.0933083
-0.32007	0.928231	-0.0870055
-0.33316	0.947624	-0.0438559
-0.313767	0.924837	-0.0986414
-0.37631	0.930655	-0.0933083
-0.332675	0.828356	-0.118519
-0.429641	0.732845	-0.105429
-0.671085	1.08435	-0.128216
-0.689023	0.70424	-0.0448256
-0.756899	0.655273	-0.191728
-0.754475	0.672242	-0.237302
-0.726355	0.655273	-0.219848
-0.680297	0.586912	-0.222272
-0.612906	0.567519	-0.193668
-0.496062	0.619396	-0.190759
-0.491699	1.13622	-0.337661
-0.388431	0.731391	-0.152942
-0.397642	0.857931	-0.0758545
-0.297768	0.737694	-0.0394925
-0.321524	0.930655	-0.0593704
-0.161047	0.990289	-0.179123
-0.419944	0.991743	-0.108338
-0.353523	1.00047	-0.344449
-0.450488	1.02132	-0.609649
-0.914953	1.07756	-0.272694
-0.831563	0.965562	-0.429294
-0.781625	0.98641	-0.483109
-0.872288	0.896717	-0.445778
-0.724416	0.779874	-0.413294
-0.766111	0.755147	-0.350752
-0.795685	0.763874	-0.418627
-0.846592	0.659152	-0.3556
-0.767081	0.668363	-0.442384
-0.743809	0.544248	-0.330389
-0.673994	0.386194	-0.417658
-0.669146	0.320257	-0.360448
-0.786474	0.275168	-0.445293
-0.78405	0.110812	-0.434627
-0.746233	0.00269549	-0.34154
-0.776292	0.0371182	-0.324571
-0.768535	0.0506934	-0.361418
-0.789383	0.0540872	-0.356569
-0.821381	-0.0200914	-0.393416
-0.819927	-0.0176673	-0.414749
-0.802473	-0.0482114	-0.447232
-0.79811	-0.074392	-0.512199
-0.788413	-0.118511	-0.551955
-0.788898	-0.135965	-0.547107
-0.822351	-0.157298	-0.52238
-0.773868	-0.133056	-0.544198
-0.769505	-0.144207	-0.533531
-0.820412	-0.15051	-0.52335
-0.859683	-0.202871	-0.532077
-0.872773	-0.214992	-0.551955

-0.313767	0.918534	-0.10252
-0.3191	0.935988	-0.0971869
-0.331706	0.923867	-0.0860359
-0.340917	0.939382	-0.0545221
-0.30601	0.942776	-0.0894297
-0.322979	0.929685	-0.0991262
-0.342372	0.940836	-0.0957324
-0.311828	0.914171	-0.122398
-0.331706	0.926776	-0.11561
-0.325403	0.85987	-0.113186
-0.375825	0.935988	-0.120459
-0.399097	0.659636	-0.0540373
-0.663812	1.26082	-0.0448256
-0.596421	0.769207	0.0443827
-0.608542	0.67709	-0.0278566
-0.623572	0.790055	-0.119004
-0.609512	0.727997	-0.119004
-0.577513	0.613093	-0.108338
-0.54309	0.656243	-0.125792
-0.483941	0.834659	-0.165063
-0.462609	1.00047	-0.191728
-0.388915	0.554429	-0.0307656
-0.467457	1.0092	-0.0826421
-0.303101	0.763389	-0.0424014
-0.354977	0.954411	0.0254744
-0.212438	1.00435	-0.0550069
-0.385037	0.905929	-0.0317352
-0.33413	0.962169	-0.0952476
-0.309404	0.974774	-0.252332
-0.370007	0.98544	-0.236817
-0.630844	1.02956	-0.227605
-0.789383	1.11053	-0.34057
-0.722961	0.898656	-0.260089
-0.575574	0.917564	-0.450626
-0.810715	0.881687	-0.378872
-0.657025	0.750784	-0.353176
-0.744294	0.77454	-0.499109
-0.722476	0.749814	-0.562621
-0.705023	0.64994	-0.470019
-0.67157	0.628607	-0.588802
-0.59933	0.459888	-0.525289
-0.664782	0.338196	-0.53644
-0.650722	0.307167	-0.613528
-0.652177	0.163173	-0.600922
-0.666721	0.0870554	-0.532077
-0.702114	0.0880251	-0.542743
-0.664297	0.037603	-0.590741
-0.700174	-0.0196066	-0.583469
-0.701629	0.00124101	-0.582984
-0.715204	-0.0486962	-0.567954
-0.701144	-0.0695438	-0.609164
-0.714719	-0.06615	-0.617407
-0.723446	-0.124329	-0.634375
-0.815078	-0.15051	-0.476807
-0.793746	-0.129178	-0.529168
-0.846107	-0.152449	-0.415234
-0.947921	-0.152449	-0.434627
-0.972163	-0.140329	-0.500078
-0.899438	-0.147116	-0.474383
-0.876167	-0.129662	-0.498624

-0.374371	0.939382	-0.10349
-0.325888	0.928715	-0.100581
-0.324433	0.9292	-0.0967021
-0.367098	0.908838	-0.0501587
-0.355947	0.928715	-0.035129
-0.34916	0.912716	-0.063249
-0.367583	0.91611	-0.0622793
-0.359341	0.892353	-0.0865207
-0.348675	0.931625	-0.10252
-0.367098	0.881687	-0.113671
-0.478608	0.686302	-0.0511283
-0.678357	1.13865	-0.0734304
-0.649752	0.797812	-0.035129
-0.662358	0.659636	-0.0647035
-0.678842	0.695998	-0.142761
-0.68563	0.683878	-0.139367
-0.650722	0.629092	-0.160214
-0.651207	0.577216	-0.165548
-0.611451	0.540369	-0.0991262
-0.479093	0.738663	-0.193183
-0.432065	0.833205	-0.213545
-0.354008	0.722179	-0.0879752
-0.340433	0.855507	-0.0162208
-0.286132	1.06544	-0.107368
-0.315706	1.00968	-0.161184
-0.365159	1.05526	-0.169426
-0.413642	1.01889	-0.196092
-0.431095	0.952957	-0.318268
-0.584301	0.996107	-0.489412
-0.83738	0.935018	-0.457898
-0.866955	0.958775	-0.250877
-0.679812	0.986895	-0.543713
-0.805867	0.901565	-0.419112
-0.690478	0.843871	-0.418627
-0.68563	0.821084	-0.424445
-0.65654	0.743511	-0.34057
-0.707447	0.73236	-0.451111
-0.639571	0.656243	-0.506866
-0.666721	0.576731	-0.373054
-0.663812	0.541823	-0.411355
-0.784534	0.474432	-0.417658
-0.712295	0.346923	-0.395356
-0.766111	0.27032	-0.375478
-0.753021	0.227171	-0.456444
-0.747203	0.133599	-0.434142
-0.769505	0.133599	-0.438505
-0.751081	0.0914189	-0.409416
-0.748657	0.0298458	-0.358509
-0.780171	0.00608928	-0.366751
-0.82429	-0.0307576	-0.373054
-0.897499	-0.0651803	-0.378872
-0.932892	-0.111724	-0.405537
-0.913014	-0.0603321	-0.436566
-0.790352	-0.0831189	-0.553409
-0.824775	-0.107845	-0.519956
-0.832532	-0.175721	-0.535471
-0.802473	-0.193175	-0.478746
-0.738961	-0.198993	-0.492806
-0.753021	-0.238748	-0.519471
-0.809745	-0.216446	-0.540319

-0.304555	0.949078	-0.0710062
-0.306495	0.924837	-0.0647035
-0.304555	0.936473	-0.08846
-0.309889	0.920958	-0.0739152
-0.316676	0.942291	-0.0821573
-0.322009	0.908353	-0.0840966
-0.321524	0.927746	-0.0802179
-0.317646	0.944715	-0.0811876
-0.32007	0.907868	-0.0613097
-0.411217	0.951018	-0.0714911
-0.635208	0.829326	-0.106883
-0.90962	0.643637	-0.0642186
-0.948891	0.64897	-0.323116
-0.992525	0.659152	-0.34057
-0.866955	0.573822	-0.384205
-0.835441	0.545217	-0.357539
-0.754475	0.441949	-0.288694
-0.64248	0.671272	-0.353176
-0.617269	0.862779	-0.392932
-0.563938	0.55055	-0.22809
-0.639571	0.683393	-0.330389
-0.557635	0.680484	-0.358994
-0.615814	0.561216	-0.305178
-0.769505	0.632001	-0.350267
-0.647328	0.550065	-0.588802
-1.13749	0.660121	-0.599953
-0.794231	0.67709	-0.261543
-0.984768	0.814781	-0.422021
-0.814594	0.666424	-0.532077
-0.840289	0.485099	-0.550985
-0.85338	0.38377	-0.516562
-0.857743	0.239291	-0.45305
-0.913498	0.152022	-0.498624
-0.817503	0.0778437	-0.518502
-0.756899	0.029361	-0.431718
-0.744779	-0.120935	-0.363842
-0.762717	-0.154873	-0.384205
-0.796655	-0.150995	-0.408931
-0.831078	-0.19366	-0.406022
-0.832047	-0.17863	-0.479716
-0.826229	-0.240688	-0.469049
-0.814594	-0.295958	-0.429778
-0.780171	-0.278504	-0.477776
-0.734112	-0.278504	-0.467595
-0.733143	-0.321654	-0.487958
-0.733628	-0.379833	-0.474383
-0.730234	-0.400681	-0.473413
-0.765141	-0.419104	-0.487473
-0.76902	-0.44577	-0.457414
-0.767565	-0.454012	-0.460322
-0.795201	-0.427346	-0.479716
-0.833987	-0.422983	-0.462747
-0.830108	-0.428316	-0.513653
-0.875197	-0.452557	-0.437536
-0.733628	-0.369167	-0.4259
-0.808291	-0.40262	-0.373538

-0.367583	0.909807	-0.0739152
-0.36128	0.906413	-0.0879752
-0.351584	0.917564	-0.085551
-0.341887	0.913686	-0.0807028
-0.333645	0.918534	-0.0714911
-0.32007	0.918534	-0.0642186
-0.3191	0.933079	-0.0671276
-0.32007	0.94423	-0.0530676
-0.322494	0.937927	-0.06034
-0.3191	0.907383	-0.06034
-0.317161	0.920958	-0.0821573
-0.354493	0.952957	-0.107368
-0.44661	0.747875	-0.0700366
-0.582361	1.02762	-0.160699
-0.722961	0.814296	-0.223242
-0.799564	0.577216	-0.239726
-0.899438	0.573822	-0.233423
-0.8815	0.617941	-0.331358
-0.801018	0.559277	-0.350267
-0.767565	0.481705	-0.280452
-0.700174	0.514188	-0.312935
-0.646843	0.686302	-0.375478
-0.64151	0.726543	-0.373538
-0.55715	0.464251	-0.239241
-0.710356	0.781813	-0.450141
-0.646359	0.534066	-0.362387
-0.61436	0.548126	-0.375478
-0.657025	0.622305	-0.404083
-0.664297	0.498674	-0.482625
-0.803443	0.595639	-0.584923
-1.07592	0.666909	-0.404567
-0.79617	0.558308	-0.563106
-0.897499	0.591276	-0.616437
-0.864046	0.423526	-0.553894
-0.851925	0.349832	-0.556803
-0.841259	0.274199	-0.616437
-0.781141	0.20002	-0.490382
-0.793261	0.217474	-0.551955
-0.719083	0.17384	-0.613528
-0.719568	0.106449	-0.504442
-0.680297	0.125357	-0.647466
-0.76902	0.0235431	-0.649405
-0.787928	-0.0389997	-0.646011
-0.746233	-0.0748769	-0.637284
-0.75399	-0.0486962	-0.614982
-0.7409	-0.119481	-0.616437
-0.737506	-0.144207	-0.613043
-0.751081	-0.169903	-0.613528
-0.779686	-0.201902	-0.582984
-0.731688	-0.291595	-0.585408
-0.696296	-0.321169	-0.526259
-0.676903	-0.335714	-0.504927
-0.689993	-0.309533	-0.479716
-0.711325	-0.272686	-0.474383
-0.781141	-0.27608	-0.457414
-0.918347	-0.271232	-0.381296

-0.399582	0.984956	0.0060813
-0.275466	0.729452	0.00317234
-0.307949	0.991743	-0.0259173
-0.287586	1.05477	-0.00603938
-0.337039	0.91611	0.0497158
-0.274496	0.937442	-0.0234932
-0.269163	1.01259	-0.085551
-0.310373	0.980592	-0.0409469
-0.306495	0.925322	-0.0341594
-0.273526	0.935503	-0.0642186
-0.280314	0.966047	-0.0685821
-0.273526	0.923382	-0.0472497
-0.256073	0.928231	-0.0608249
-0.274496	0.948593	-0.0642186
-0.272072	0.928715	-0.0651883
-0.283708	0.921443	-0.0579159
-0.304071	0.930655	-0.0535525
-0.330251	0.925807	-0.052098
-0.358371	0.928715	-0.0438559
-0.459215	0.91708	-0.0385228
-0.558605	0.687756	0.00899027
-0.711325	1.02811	-0.112701
-0.752536	0.767753	-0.118519
-0.756414	0.678545	-0.205788
-0.802958	0.689696	-0.257665
-0.764172	0.676121	-0.349297
-0.76805	0.599518	-0.339116
-0.796655	0.519521	-0.269301
-0.708901	0.535036	-0.291118
-0.675448	0.761935	-0.404083
-0.552302	0.494795	-0.253301
-0.624057	0.563156	-0.18688
-0.665752	0.651879	-0.28627
-0.723446	0.719755	-0.383235
-0.719568	0.573337	-0.416203
-0.804897	0.566065	-0.414264
-0.681266	0.555399	-0.684313
-0.701144	0.476857	-0.752673
-1.14088	0.529703	-0.547107
-0.659934	0.549096	-0.557288
-0.905741	0.744966	-0.520926
-0.90768	0.617456	-0.453535
-0.878106	0.50934	-0.469534
-0.860167	0.356619	-0.502502
-0.918347	0.279532	-0.479716
-0.897499	0.219413	-0.52335
-0.839805	0.193233	-0.55147
-0.751566	-0.00409209	-0.39681
-0.792776	-0.00506175	-0.388568
-0.719568	-0.0889369	-0.415718
-0.807806	-0.0787555	-0.381296
-0.822836	-0.0729376	-0.408931
-0.808291	-0.126753	-0.386144
-0.869864	-0.154389	-0.358509
-0.794231	-0.177175	-0.428809
-0.799079	-0.154389	-0.490382
-0.838835	-0.213537	-0.469049
-0.854834	-0.190751	-0.497654
-0.772899	-0.204811	-0.572318
-0.778232	-0.230991	-0.509775
-0.752051	-0.250869	-0.502502
-0.734597	-0.274141	-0.485049
-0.760293	-0.280444	-0.493776
-0.779686	-0.313412	-0.499109
-0.790837	-0.324078	-0.51026
-0.823805	-0.308079	-0.530138

-0.332191	0.899626	-0.0850662
-0.376795	0.928715	-0.0584007
-0.37534	0.952472	-0.0584007
-0.341887	0.914656	-0.0399773
-0.318131	0.93017	-0.0554918
-0.292435	0.954896	-0.0933083
-0.36225	0.937442	-0.15876
-0.631814	0.784237	-0.161184
-0.897984	0.659152	-0.119489
-0.95083	0.950048	-0.333298
-0.888772	0.758056	-0.364327
-0.839805	0.411405	-0.299845
-0.735567	0.446312	-0.38372
-0.603209	0.342559	-0.389053
-0.555211	0.266441	-0.259604
-0.612906	0.345468	-0.25815
-0.575089	0.585943	-0.378387
-0.623572	0.535036	-0.335237
-0.701144	0.622305	-0.370145
-0.678842	0.81672	-0.463231
-0.960527	0.59273	-0.167002
-0.855319	0.672242	-0.689161
-0.816533	0.607275	-0.443838
-0.801988	0.528248	-0.588802
-0.902832	0.453585	-0.507351
-0.886348	0.460857	-0.56456
-0.883439	0.305713	-0.636315
-0.813139	0.225716	-0.643587
-0.774353	0.130205	-0.633891
-0.766111	0.140871	-0.621285
-0.763202	0.122933	-0.652799
-0.722961	0.0948127	-0.671222
-0.738961	0.136508	-0.692555
-0.778716	0.104509	-0.756552
-0.714719	0.0327548	-0.779339
-0.721507	-0.0535445	-0.651829
-0.745263	-0.112209	-0.66492
-0.764172	-0.0899065	-0.716796
-0.812169	-0.166994	-0.470504
-0.750596	-0.152449	-0.605771
-0.78308	-0.224204	-0.372084
-0.783565	-0.210628	-0.46808
-0.822836	-0.285292	-0.406022
-0.847562	-0.355107	-0.385659
-0.831563	-0.372561	-0.384205
-0.793261	-0.384681	-0.38275
-0.767081	-0.363349	-0.359963
-0.772899	-0.367228	-0.365296
-0.787443	-0.377409	-0.342994
-0.803927	-0.411832	-0.358509
-0.831078	-0.414741	-0.373054
-0.875682	-0.406984	-0.39681
-0.930952	-0.414741	-0.416688
-0.901378	-0.422498	-0.4259
-0.780656	-0.43074	-0.333298
-0.748172	-0.388075	-0.479716

-0.356432	0.915625	-0.0748848
-0.350614	0.912716	-0.0734304
-0.341887	0.924352	-0.0952476
-0.337039	0.919504	-0.091369
-0.338008	0.928715	-0.0879752
-0.338978	0.926291	-0.0889448
-0.340917	0.923867	-0.0845814
-0.34819	0.917564	-0.0729455
-0.397157	0.922413	-0.0962172
-0.503819	0.867627	-0.142276
-0.875682	0.743027	-0.0816724
-1.13458	0.730906	-0.0647035
-1.17967	0.803145	-0.315844
-1.09967	0.633941	-0.247483
-0.889257	0.584003	-0.395356
-0.747203	0.491401	-0.403113
-0.621148	0.304258	-0.260574
-0.560059	0.22814	-0.197546
-0.55812	0.199535	-0.169426
-0.570726	0.364861	-0.22906
-0.819927	0.59273	-0.241665
-0.724416	0.547156	-0.433172
-0.923195	0.490432	-0.273664
-0.929498	0.554914	-0.549531
-1.02792	0.394436	-0.525774
-1.07058	0.168991	-0.464201
-0.945497	0.223292	-0.390023
-0.918831	0.312985	-0.533047
-0.939194	0.384255	-0.56553
-1.01337	0.369225	-0.548076
-0.992525	0.25529	-0.598013
-1.00949	0.230564	-0.575711
-0.865016	0.0880251	-0.323601
-0.881015	0.146689	-0.528198
-0.835926	-0.0234852	-0.471474
-0.820412	-0.164085	-0.414264
-0.811685	-0.265414	-0.394871
-0.790837	-0.266868	-0.428809
-0.820896	-0.288686	-0.413779
-0.785019	-0.280928	-0.453535
-0.745748	-0.338623	-0.380811
-0.749627	-0.365288	-0.344449
-0.710356	-0.38856	-0.35366
-0.713265	-0.438982	-0.359963
-0.72684	-0.47292	-0.342025
-0.750112	-0.489889	-0.409416
-0.763687	-0.525281	-0.465656
-0.763687	-0.500555	-0.500563
-0.789383	-0.47292	-0.475352
-0.717628	-0.467587	-0.520926
-0.717628	-0.439467	-0.511229
-0.717143	-0.41571	-0.502502
-0.715204	-0.465648	-0.459353
-0.712295	-0.464193	-0.470989
-0.736052	-0.490374	-0.476807
-0.769505	-0.519948	-0.464201

-0.312313	0.929685	-0.099611
-0.316191	0.941321	-0.0850662
-0.319585	0.914171	-0.0719759
-0.346251	0.942291	-0.0821573
-0.345281	0.91514	-0.0729455
-0.357402	0.917564	-0.0748848
-0.352068	0.896232	-0.0870055
-0.348675	0.91611	-0.107368
-0.384552	0.91708	-0.148579
-0.427702	0.821569	-0.18591
-0.618239	0.794418	-0.0981566
-0.758354	0.739633	-0.181062
-0.915438	1.00483	-0.193183
-0.960042	0.812842	-0.266392
-0.946952	0.584973	-0.255725
-0.904287	0.556853	-0.281421
-0.808291	0.486553	-0.318753
-0.719083	0.38377	-0.269301
-0.686599	0.263533	-0.232939
-0.611451	0.203899	-0.245059
-0.637147	0.39589	-0.360448
-0.742839	0.380861	-0.30033
-0.774353	0.260624	-0.258634
-0.863561	0.498674	-0.362872
-0.851925	0.379891	-0.386629
-0.706962	0.584003	-0.663465
-1.20585	0.350801	-0.269301
-0.85435	0.366316	-0.443354
-0.832047	0.308621	-0.584438
-1.00222	0.238806	-0.547591
-0.945497	0.181597	-0.528683
-1.00755	0.0477844	-0.570378
-0.955678	0.00899824	-0.539834
-0.929013	-0.0448176	-0.549531
-0.822351	-0.0821493	-0.563106
-0.787443	-0.13645	-0.483594
-0.708416	-0.175236	-0.524805
-0.668661	-0.253293	-0.473898
-0.677872	-0.259596	-0.532077
-0.731203	-0.396802	-0.502502
-0.733143	-0.410862	-0.534986
-0.694357	-0.500555	-0.496685
-0.705508	-0.446739	-0.499109
-0.700659	-0.410377	-0.501048
-0.704053	-0.422498	-0.503472
-0.737506	-0.481162	-0.443354
-0.743809	-0.503464	-0.443354
-0.692902	-0.503464	-0.459353
-0.628905	-0.502979	-0.458868
-0.628905	-0.5151	-0.451596
-0.651692	-0.468557	-0.463231
-0.749142	-0.509767	-0.414264
-0.870349	-0.494737	-0.362872
-0.862592	-0.488435	-0.431233
-0.883439	-0.525766	-0.365781
-0.865501	-0.535463	-0.344449
-0.804412	-0.513646	-0.35463
-0.78308	-0.460799	-0.378387

-0.365644	0.918049	-0.099611
-0.352068	0.933079	-0.106399
-0.322494	0.911746	-0.110277
-0.310858	0.938412	-0.116095
-0.301646	0.91514	-0.112701
-0.328797	0.952957	-0.0967021
-0.314252	0.952472	-0.103005
-0.30698	0.916595	-0.0860359
-0.332191	0.914171	-0.0695517
-0.341402	0.921443	-0.0865207
-0.364674	0.916595	-0.08846
-0.406369	0.8749	-0.0918538
-0.527091	0.855507	-0.0991262
-0.649752	0.638304	-0.0845814
-0.917862	1.01017	-0.218879
-0.944527	0.695029	-0.155851
-1.03567	0.616972	-0.233908
-1.02161	0.626668	-0.329904
-0.940164	0.616002	-0.396325
-0.833017	0.415768	-0.319723
-0.786959	0.289228	-0.237302
-0.67157	0.208747	-0.25718
-0.671085	0.401223	-0.351236
-0.611451	0.415284	-0.344449
-0.625996	0.34159	-0.310996
-0.852895	0.41189	-0.262998
-0.809261	0.448737	-0.436566
-0.915438	0.377952	-0.423476
-0.800049	0.49625	-0.538865
-1.31687	0.43807	-0.569893
-0.704538	0.180627	-0.577166
-0.928528	0.265957	-0.392447
-0.874227	0.295531	-0.500563
-1.02065	0.360013	-0.536925
-1.03422	0.262078	-0.558258
-1.01095	0.22911	-0.504927
-0.981374	0.208262	-0.4802
-0.902832	0.18596	-0.428809
-0.917862	0.117115	-0.472443
-0.888772	0.0332396	-0.437536
-0.869379	-0.0516052	-0.370145
-0.83738	-0.10736	-0.408931
-0.841259	-0.162146	-0.308572
-0.811685	-0.250869	-0.35463
-0.79617	-0.280928	-0.329419
-0.801018	-0.334744	-0.245544
-0.781141	-0.366258	-0.266392
-0.781625	-0.386136	-0.246514
-0.780171	-0.397287	-0.244574
-0.780171	-0.423952	-0.260574
-0.8112	-0.489404	-0.24312
-0.861137	-0.550977	-0.278512
-0.851925	-0.531099	-0.343964
-0.863561	-0.481162	-0.367236
-0.834472	-0.50104	-0.374023
-0.776777	-0.498616	-0.392932
-0.781625	-0.511706	-0.378872
-0.777262	-0.485041	-0.363357
-0.731688	-0.448194	-0.345903
-0.747688	-0.47389	-0.337176
-0.788898	-0.534008	-0.332328