-0.849016	-0.171842	-0.679464
-0.85435	-0.0923306	-0.630497
-0.786474	-0.074392	-0.662011
-0.83835	-0.0152431	-0.642133
-0.801018	-0.0404541	-0.572802
-0.682721	-0.125784	-0.512684
-0.690963	-0.0986334	-0.5665
-0.732173	-0.108815	-0.586862
-0.765141	-0.141298	-0.619831
-0.853865	-0.0937851	-0.648435
-0.895075	-0.0714831	-0.690131
-0.980405	0.0201493	-0.704191
-0.831563	-0.169418	-0.442869
-0.791322	-0.0719679	-0.503472
-0.83835	-0.0952396	-0.538865
-0.726355	-0.195599	-0.468565
-0.705508	-0.231476	-0.498139
-0.794231	-0.158752	-0.541773
-0.816048	-0.174266	-0.499593
-0.759323	-0.273171	-0.505411
-0.844653	-0.206265	-0.610619
-0.890227	-0.134511	-0.658132
-0.971193	-0.0816645	-0.739098
-0.889742	-0.0928155	-0.590256
-0.688054	-0.0986334	-0.611104
-0.811685	0.00269549	-0.637284
-0.78211	-0.0423934	-0.571833
-0.663812	-0.0889369	-0.560682
-0.67157	-0.0816645	-0.589771
-0.75593	-0.102512	-0.603347
-0.771444	-0.138874	-0.624194
-0.827684	-0.108815	-0.653284
-0.819927	-0.0991182	-0.694494
-0.93677	-0.02397	-0.751704
-0.846107	-0.116572	-0.485049
-0.730234	-0.130632	-0.53644
-0.81023	-0.0782707	-0.57862
-0.843199	-0.0724527	-0.545167
-0.732658	-0.227597	-0.502987
-0.738961	-0.173782	-0.536925
-0.738961	-0.183963	-0.505411
-0.75593	-0.271717	-0.520441
-0.809745	-0.2339	-0.598013
-0.890227	-0.0957244	-0.641163

-0.661873	-0.162631	-0.620315
-0.818472	0.00802859	-0.658617
-0.778716	-0.0283335	-0.539349
-0.659449	-0.13742	-0.499109
-0.652177	-0.116572	-0.565045
-0.689508	-0.13548	-0.614498
-0.751566	-0.189296	-0.597044
-0.820896	-0.137904	-0.700797
-0.852895	-0.126269	-0.623224
-0.886348	-0.12142	-0.728917
-0.945497	-0.108815	-0.566984
-0.719568	-0.106875	-0.539349
-0.830593	-0.0428783	-0.631951
-0.879076	-0.0331817	-0.556318
-0.742839	-0.196569	-0.436081
-0.72587	-0.188326	-0.534986
-0.770474	-0.156328	-0.525289
-0.756899	-0.188811	-0.521896
-0.774838	-0.22178	-0.56456
-0.868894	-0.194629	-0.583953
-0.923195	-0.147116	-0.671707
-1.01774	-0.100573	-0.684313
-0.677872	-0.174751	-0.557288
-0.75399	-0.0516052	-0.695464
-0.886833	-0.0113645	-0.676555
-0.71375	-0.0918458	-0.506866
-0.626966	-0.142753	-0.534501
-0.694357	-0.128693	-0.568439
-0.736052	-0.122875	-0.614013
-0.787928	-0.125299	-0.67704
-0.79811	-0.188811	-0.591226
-0.821381	-0.151964	-0.695949
-0.932892	0.0162707	-0.708069
-0.817987	-0.169418	-0.517047
-0.741385	-0.141298	-0.587832
-0.835926	-0.122875	-0.548076
-0.788898	-0.162631	-0.499109
-0.781625	-0.191235	-0.53838
-0.770474	-0.195599	-0.555349
-0.765141	-0.198023	-0.529168
-0.745263	-0.214022	-0.518987
-0.779686	-0.217901	-0.574742
-0.847562	-0.195599	-0.630982
-0.915438	-0.152934	-0.735704
-0.973617	-0.0685741	-0.637769
-0.65557	-0.114148	-0.550985
-0.778232	-0.0423934	-0.655223
-0.898469	0.000756181	-0.67801
-0.659449	-0.131602	-0.504442
-0.677872	-0.126269	-0.602862
-0.737506	-0.109784	-0.612558
-0.752536	-0.138389	-0.611104
-0.734597	-0.180569	-0.63486
-0.791322	-0.134511	-0.634375
-0.792292	-0.124814	-0.705645
-0.9358	-0.00312244	-0.714372

-0.948891	-0.116087	-0.742977
-0.835441	-0.113178	-0.598498
-0.746718	-0.0991182	-0.63486
-0.86744	-0.0486962	-0.652799
-0.762717	-0.0908762	-0.542258
-0.658479	-0.107845	-0.544682
-0.670115	-0.0962093	-0.583469
-0.701144	-0.125299	-0.600438
-0.759323	-0.113178	-0.682373
-0.807806	-0.154389	-0.599953
-0.856774	-0.120451	-0.699827
-0.990586	-0.0389997	-0.673162
-0.744294	-0.194629	-0.471474
-0.722476	-0.115602	-0.608195
-0.913983	-0.0676045	-0.587832
-0.801988	-0.186872	-0.459838
-0.677872	-0.260081	-0.507351
-0.721022	-0.198023	-0.543713
-0.792776	-0.223234	-0.496685
-0.763687	-0.300806	-0.531107
-0.827199	-0.253778	-0.622255
-0.855804	-0.236809	-0.625164
-0.966829	-0.183478	-0.734735
-0.929013	-0.0739072	-0.628558
-0.686114	-0.136935	-0.512684
-0.748172	-0.063241	-0.693524
-0.790837	-0.0414238	-0.671707
-0.707932	-0.0928155	-0.53838
-0.646359	-0.13742	-0.575227
-0.703568	-0.138874	-0.603831
-0.716659	-0.143722	-0.64989
-0.816048	-0.112693	-0.690131
-0.776777	-0.19269	-0.622255
-0.868894	-0.154389	-0.698858
-0.891681	-0.05209	-0.620315
-0.756899	-0.166509	-0.493291
-0.794231	-0.117057	-0.612558
-0.826229	-0.130632	-0.576196
-0.713265	-0.242142	-0.495715
-0.694841	-0.251839	-0.550016
-0.756899	-0.180084	-0.560197
-0.765141	-0.231476	-0.52238
-0.725385	-0.272202	-0.573772
-0.814109	-0.199962	-0.626618
-0.865985	-0.199962	-0.647466
-0.924165	-0.130147	-0.738129
-0.848532	-0.0860279	-0.607225
-0.703568	-0.0777858	-0.669283
-0.820412	-0.00797071	-0.667829
-0.807321	-0.0399693	-0.589287
-0.658964	-0.0894217	-0.514138
-0.682721	-0.077301	-0.590741
-0.707932	-0.101058	-0.603347
-0.773868	-0.124329	-0.637769
-0.836411	-0.105906	-0.671707

-0.856289	-0.173297	-0.628558
-0.940164	-0.13742	-0.748795
-0.975071	-0.0593624	-0.671222
-0.668661	-0.145662	-0.575711
-0.85338	0.00560445	-0.675101
-0.842714	-0.0171824	-0.6208
-0.653146	-0.113663	-0.514138
-0.640056	-0.10833	-0.579105
-0.704053	-0.116087	-0.599468
-0.75399	-0.148086	-0.625164
-0.800534	-0.15051	-0.66492
-0.801018	-0.21984	-0.613528
-0.875682	-0.118511	-0.701766
-0.981859	0.0298458	-0.635345
-0.645389	-0.197538	-0.45305
-0.773383	-0.100573	-0.616437
-0.902832	-0.0443328	-0.599953
-0.75399	-0.230991	-0.500078
-0.679812	-0.27608	-0.562136
-0.743324	-0.176206	-0.583469
-0.775323	-0.191235	-0.511229
-0.728779	-0.236809	-0.573287
-0.799564	-0.159722	-0.615952
-0.857743	-0.167964	-0.668798
-1.00271	-0.120451	-0.776915
-0.89556	-0.126753	-0.591711
-0.610481	-0.102997	-0.578136
-0.789383	0.0487541	-0.686737
-0.82526	0.0662079	-0.617407
-0.666721	-0.074392	-0.518987
-0.631814	-0.104451	-0.56553
-0.705023	-0.0937851	-0.593165
-0.789867	-0.0831189	-0.643587
-0.877621	-0.0811796	-0.698373
-0.841744	-0.120451	-0.67801
-0.896045	-0.0186369	-0.774491
-0.870834	-0.0879672	-0.498624
-0.664782	-0.1093	-0.526259
-0.811685	-0.0996031	-0.666374
-0.823805	-0.144207	-0.562621
-0.6706	-0.300806	-0.502018
-0.689508	-0.278989	-0.59268
-0.767081	-0.184448	-0.534986
-0.727325	-0.278989	-0.51026
-0.75496	-0.291595	-0.641163
-0.864046	-0.162631	-0.738613
-0.961012	-0.137904	-0.77546
-0.930952	-0.117057	-0.569893
-0.631329	-0.117542	-0.544198
-0.76805	-0.0113645	-0.646981
-0.856774	0.0817223	-0.630982
-0.625996	-0.0438479	-0.472928
-0.689993	-0.0559686	-0.589287
-0.75399	-0.0700286	-0.594135
-0.804897	-0.0642107	-0.65086

-0.629875	-0.221295	-0.481655
-0.64345	-0.259111	-0.557288
-0.78405	-0.255233	-0.516562
-0.765141	-0.318745	-0.537895
-0.775323	-0.294019	-0.590741
-0.802958	-0.217901	-0.618376
-0.850956	-0.166994	-0.700797
-1.07689	-0.0234852	-0.747825
-0.721022	-0.208204	-0.464201
-0.778716	-0.12336	-0.690615
-0.885863	0.0133617	-0.704675
-0.71278	-0.0797251	-0.514623
-0.631814	-0.145177	-0.498139
-0.692417	-0.133056	-0.576681
-0.751081	-0.108815	-0.605771
-0.786474	-0.129178	-0.645042
-0.82526	-0.159722	-0.614013
-0.819927	-0.155358	-0.680919
-0.897499	-0.0462721	-0.73425
-0.808776	-0.0739072	-0.515593
-0.787443	-0.165055	-0.546622
-0.789383	-0.158267	-0.627103
-0.719083	-0.185902	-0.583953
-0.682721	-0.257172	-0.541773
-0.7409	-0.24796	-0.558742
-0.754475	-0.257172	-0.541289
-0.707447	-0.330866	-0.5665
-0.813624	-0.272686	-0.630012
-0.927074	-0.203356	-0.702251
-0.936285	-0.120451	-0.803095
-0.777747	-0.0831189	-0.627588
-0.750596	0.00948307	-0.70516
-0.816533	0.0119072	-0.652314
-0.678357	-0.101058	-0.517532
-0.625511	-0.130147	-0.546622
-0.665752	-0.129178	-0.563591
-0.732173	-0.159722	-0.601892
-0.826229	-0.129178	-0.715826
-0.825745	-0.189781	-0.590741
-0.90865	-0.124814	-0.690131
-0.951315	0.0477844	-0.63583
-0.686114	-0.133056	-0.460322
-0.835926	-0.130147	-0.602862
-0.843199	-0.114633	-0.550016
-0.648298	-0.271717	-0.515593
-0.701629	-0.204811	-0.574742
-0.750112	-0.172327	-0.556318
-0.718598	-0.243597	-0.529168
-0.758354	-0.256687	-0.601407
-0.850471	-0.184448	-0.624679
-0.846107	-0.197538	-0.689646
-0.869864	-0.23584	-0.737159
-0.875197	-0.142753	-0.596559
-0.721022	-0.101542	-0.648435
-0.800049	-0.0394845	-0.616922
-0.767081	-0.0448176	-0.580075
-0.650722	-0.123844	-0.499593
-0.720052	-0.101058	-0.580075

-0.948891	-0.210628	-0.732311
-0.952769	-0.116572	-0.665404
-0.606118	-0.12336	-0.57959
-0.848532	0.0361486	-0.710978
-0.882469	0.0245127	-0.588802
-0.645389	-0.125299	-0.500563
-0.652661	-0.118026	-0.589287
-0.702114	-0.129178	-0.626133
-0.732173	-0.166024	-0.662011
-0.783565	-0.196569	-0.63486
-0.751081	-0.220325	-0.611589
-0.742839	-0.139844	-0.694494
-0.953739	-0.00118313	-0.695949
-0.86647	-0.0845734	-0.580075
-0.69775	-0.104451	-0.57959
-0.846592	-0.03803	-0.627103
-0.867925	-0.077301	-0.549531
-0.708416	-0.253778	-0.485534
-0.740415	-0.210144	-0.553409
-0.749142	-0.190266	-0.526744
-0.720052	-0.241657	-0.535471
-0.800534	-0.19366	-0.635345
-0.93677	-0.120451	-0.788551
-1.12294	-0.0113645	-0.783217
-0.542606	-0.174266	-0.517532
-0.680297	-0.0637258	-0.67898
-0.921256	0.0419665	-0.713887
-0.724901	-0.0598472	-0.530622
-0.629875	-0.128208	-0.585408
-0.673509	-0.137904	-0.599953
-0.728779	-0.144692	-0.604801
-0.801988	-0.146146	-0.662011
-0.794231	-0.204811	-0.591711
-0.702114	-0.214992	-0.636315
-0.904287	-0.026879	-0.751219
-0.933861	-0.0186369	-0.642133
-0.685145	-0.139359	-0.539349
-0.794231	-0.0787555	-0.57862
-0.83738	-0.100573	-0.570863
-0.720052	-0.273171	-0.482625
-0.700174	-0.298382	-0.559227
-0.744294	-0.252808	-0.554379
-0.737991	-0.276565	-0.529653
-0.745263	-0.271232	-0.621285
-0.881985	-0.199477	-0.683343
-0.944043	-0.214022	-0.761885
-0.899438	-0.16457	-0.667829
-0.58624	-0.150995	-0.592195
-0.831563	0.0366334	-0.720675
-0.884894	0.0269369	-0.672192
-0.630844	-0.130147	-0.511229
-0.619693	-0.16554	-0.560682
-0.701144	-0.139359	-0.640678
-0.764172	-0.133056	-0.608195
-0.774838	-0.186387	-0.673646
-0.79714	-0.216931	-0.577166
-0.840289	-0.187357	-0.644557
-0.929498	-0.0952396	-0.786611
-0.910105	-0.103967	-0.560682

-0.593997	-0.169418	-0.5505
-0.821866	0.000756181	-0.704675
-0.791807	-0.0278486	-0.619346
-0.625511	-0.143237	-0.50929
-0.64151	-0.152449	-0.600922
-0.75593	-0.144692	-0.615467
-0.817018	-0.127723	-0.645042
-0.88053	-0.103967	-0.64989
-0.93677	-0.0816645	-0.675101
-1.04149	-0.00942519	-0.652314
-0.646359	-0.125299	-0.470989
-0.793261	-0.0613017	-0.6208
-0.807806	-0.0399693	-0.562621
-0.777747	-0.186872	-0.488442
-0.761263	-0.222749	-0.50929
-0.745263	-0.203356	-0.547591
-0.76902	-0.232931	-0.52432
-0.71181	-0.279474	-0.562136
-0.774353	-0.221295	-0.610619
-0.808291	-0.202871	-0.648435
-0.924649	-0.200932	-0.698858
-1.00755	-0.0894217	-0.642618
-0.645389	-0.108815	-0.576681
-0.845138	-0.00312244	-0.700312
-0.864046	0.0138465	-0.616922
-0.633753	-0.120451	-0.496685
-0.639571	-0.12336	-0.587832
-0.716659	-0.111724	-0.615467
-0.78308	-0.0962093	-0.677525
-0.856289	-0.0419086	-0.659586
-0.958103	-0.0496659	-0.697888
-1.08998	-0.10736	-0.588317
-0.617269	-0.225658	-0.390992
-0.720537	-0.0680893	-0.624194
-0.938225	0.0119072	-0.597529
-0.830108	-0.163115	-0.393901
-0.69872	-0.274141	-0.519471
-0.745748	-0.201417	-0.558742
-0.780171	-0.199477	-0.466625
-0.774838	-0.264929	-0.51026
-0.788898	-0.218386	-0.587347
-0.817018	-0.19269	-0.648435
-0.939194	-0.13742	-0.757037
-1.03616	-0.0763313	-0.583953
-0.64151	-0.13645	-0.52432
-0.874227	0.0463299	-0.697403
-0.861137	0.0138465	-0.623224
-0.646359	-0.143722	-0.475837
-0.664297	-0.169903	-0.577651
-0.781625	-0.130632	-0.59268
-0.79811	-0.122875	-0.601892
-0.828169	-0.146631	-0.639224

-0.640541	-0.199962	-0.501533
-0.650722	-0.214022	-0.57959
-0.719568	-0.19269	-0.626618
-0.794716	-0.182509	-0.697888
-0.840774	-0.246991	-0.589771
-0.902832	-0.191235	-0.642133
-1.01095	-0.0259093	-0.705645
-0.703568	-0.141783	-0.42396
-0.72684	-0.145177	-0.598013
-0.85338	-0.105906	-0.601892
-0.775323	-0.201902	-0.497169
-0.669146	-0.269777	-0.556318
-0.742354	-0.210628	-0.574742
-0.793746	-0.231476	-0.497654
-0.775807	-0.297413	-0.549531
-0.827199	-0.241173	-0.598013
-0.862107	-0.200932	-0.637284
-0.892651	-0.191235	-0.717766
-0.924649	-0.154389	-0.57862
-0.639571	-0.172812	-0.60674
-0.864531	-0.0162128	-0.679464
-0.870834	0.00124101	-0.599953
-0.668661	-0.146146	-0.498139
-0.659934	-0.16554	-0.559227
-0.72684	-0.164085	-0.559227
-0.789867	-0.186872	-0.652314
-0.848047	-0.171842	-0.628073
-0.793746	-0.223719	-0.588802
-0.878106	-0.111724	-0.684313
-0.879076	-0.104451	-0.617891
-0.687084	-0.153419	-0.512199
-0.881985	-0.0908762	-0.563106
-0.886833	-0.134995	-0.50929
-0.721022	-0.263959	-0.489412
-0.760293	-0.240688	-0.551955
-0.782595	-0.215962	-0.50832
-0.75496	-0.274141	-0.487958
-0.749627	-0.252324	-0.555349
-0.799079	-0.222264	-0.589287
-0.850471	-0.279959	-0.625649
-0.993495	-0.203841	-0.723099
-0.864046	-0.208689	-0.554379
-0.670115	-0.169418	-0.591711
-0.86647	-0.0230004	-0.670737
-0.865985	-0.00360727	-0.627588
-0.607572	-0.166024	-0.501533
-0.648783	-0.1796	-0.557288
-0.735082	-0.152449	-0.581529
-0.761747	-0.170873	-0.600438
-0.841259	-0.136935	-0.638254
-0.808291	-0.187357	-0.599468
-0.959557	-0.0797251	-0.683343
-0.807321	-0.102027	-0.534501
-0.716659	-0.104451	-0.613528
-0.903802	-0.0918458	-0.568924
-0.8815	-0.193175	-0.474383

-0.642965	-0.147116	-0.590741
-0.7409	-0.135965	-0.60674
-0.799564	-0.128693	-0.66492
-0.776292	-0.202871	-0.64989
-0.78405	-0.232446	-0.596559
-0.831078	-0.169418	-0.668313
-0.877621	-0.0908762	-0.710978
-0.92271	-0.116572	-0.542743
-0.633753	-0.148086	-0.527714
-0.776777	-0.0826341	-0.616437
-0.877621	-0.0918458	-0.574742
-0.772899	-0.239233	-0.474867
-0.721022	-0.255233	-0.562621
-0.809261	-0.188811	-0.544682
-0.814594	-0.232446	-0.504442
-0.766111	-0.242142	-0.537895
-0.788898	-0.202386	-0.547107
-0.808291	-0.201902	-0.534986
-0.79811	-0.260081	-0.51026
-0.889742	-0.245536	-0.583469
-0.915438	-0.196569	-0.672677
-0.968769	-0.106391	-0.59365
-0.64345	-0.150025	-0.506866
-0.709871	-0.115602	-0.619831
-0.877621	-0.0467569	-0.664435
-0.817503	-0.0370603	-0.583953
-0.605633	-0.161176	-0.561167
-0.719568	-0.136935	-0.613043
-0.818957	-0.126753	-0.603347
-0.812169	-0.138874	-0.609649
-0.799079	-0.174266	-0.573287
-0.849501	-0.176691	-0.626133
-0.904771	-0.0724527	-0.710978
-0.890227	-0.0695438	-0.536925
-0.623087	-0.189296	-0.4802
-0.803927	-0.121905	-0.619346
-0.929982	-0.127238	-0.563591
-0.785019	-0.255233	-0.446263
-0.734112	-0.227597	-0.50832
-0.809261	-0.182509	-0.486988
-0.850956	-0.19172	-0.490867
-0.792292	-0.246506	-0.480685
-0.779686	-0.260566	-0.544198
-0.785504	-0.270747	-0.547107
-0.845138	-0.250384	-0.601892
-0.892651	-0.172327	-0.756067
-1.07349	-0.0433631	-0.569409
-0.647813	-0.203841	-0.486018
-0.875197	-0.0826341	-0.688676
-0.818472	-0.0860279	-0.629042
-0.658964	-0.148086	-0.485534
-0.665752	-0.170873	-0.556318

-0.812654	0.721694	-0.459838
-0.816533	0.557338	-0.239241
-0.606118	0.527279	-0.370145
-0.730719	0.672727	-0.257665
-0.689508	0.55152	-0.263483
-0.657994	0.446312	-0.318268
-0.72587	0.489947	-0.362387
-0.729749	0.478796	-0.335237
-0.776292	0.437101	-0.334752
-0.794231	0.501583	-0.357054
-0.820412	0.570913	-0.39584
-0.828654	0.750299	-0.448202
-0.819442	0.669818	-0.259119
-0.555696	0.404132	-0.384689
-0.676418	0.656727	-0.401174
-0.780656	0.731876	-0.401174
-0.64345	0.474432	-0.339116
-0.567332	0.44001	-0.435111
-0.665752	0.510794	-0.378872
-0.700659	0.512249	-0.434142
-0.75399	0.605821	-0.449656
-0.785504	0.586912	-0.444323
-0.822836	0.759026	-0.491836
-0.783565	0.559762	-0.242635
-0.529515	0.387648	-0.411355
-0.72684	0.648001	-0.334267
-0.788898	0.588852	-0.288209
-0.705992	0.386679	-0.31245
-0.687084	0.422556	-0.382265
-0.758354	0.490432	-0.368205
-0.778232	0.428859	-0.287239
-0.757384	0.454554	-0.408446
-0.824775	0.530187	-0.380326
-0.828654	0.648485	-0.442384
-0.835441	0.709089	-0.377902
-0.62842	0.531157	-0.425415
-0.672539	0.654788	-0.39681
-0.702114	0.587397	-0.379356
-0.61339	0.475402	-0.344449
-0.608542	0.521945	-0.411355
-0.672054	0.484614	-0.377902
-0.687569	0.44001	-0.437536
-0.746718	0.568489	-0.441414
-0.802473	0.560247	-0.430263
-0.786959	0.593215	-0.422021
-0.819442	0.704725	-0.379356

-0.691448	0.515643	-0.330389
-0.721507	0.476857	-0.361418
-0.823805	0.446797	-0.36966
-0.824775	0.499159	-0.4259
-0.848532	0.488492	-0.448202
-0.953254	0.69115	-0.471474
-0.756414	0.679514	-0.306632
-0.508668	0.489947	-0.386629
-0.677388	0.710543	-0.376932
-0.709386	0.709574	-0.375963
-0.596906	0.461342	-0.363842
-0.572665	0.440979	-0.345418
-0.682721	0.518552	-0.404567
-0.750596	0.530187	-0.398749
-0.732173	0.620365	-0.471474
-0.801018	0.514673	-0.345903
-0.774353	0.660606	-0.499109
-0.852895	0.684363	-0.334752
-0.619208	0.405102	-0.350752
-0.709386	0.56655	-0.356085
-0.768535	0.600972	-0.312935
-0.696781	0.400254	-0.344449
-0.716659	0.376497	-0.391477
-0.774838	0.419162	-0.378872
-0.762717	0.375528	-0.345418
-0.777747	0.39589	-0.385174
-0.818957	0.512734	-0.426869
-0.854834	0.543763	-0.42493
-0.83835	0.7886	-0.514623
-0.785019	0.509825	-0.302754
-0.555696	0.430313	-0.504927
-0.787443	0.680484	-0.342025
-0.715689	0.665454	-0.430263
-0.604663	0.43807	-0.360933
-0.620178	0.436131	-0.403113
-0.741385	0.501583	-0.413779
-0.741385	0.446312	-0.428809
-0.76902	0.521461	-0.441414
-0.779201	0.496734	-0.445778
-0.803927	0.711513	-0.525289
-0.867925	0.569943	-0.245544
-0.550363	0.344014	-0.413779
-0.700659	0.57964	-0.348327
-0.792776	0.623759	-0.320692
-0.733143	0.337226	-0.31245
-0.69872	0.373588	-0.448687
-0.785019	0.417708	-0.340085
-0.790837	0.379891	-0.321177
-0.808291	0.462797	-0.42493
-0.875197	0.528733	-0.395356
-0.820412	0.644122	-0.519956
-0.929013	0.690665	-0.357539

-0.636662	0.297955	-0.374508
-0.682721	0.390072	-0.393416
-0.762232	0.41092	-0.358994
-0.747688	0.356619	-0.362872
-0.76805	0.463281	-0.427839
-0.816533	0.460372	-0.399719
-0.817503	0.474432	-0.462262
-0.939194	0.800721	-0.503472
-0.71278	0.450676	-0.376447
-0.583331	0.559762	-0.516078
-0.822351	0.676121	-0.334752
-0.646843	0.499159	-0.386629
-0.591573	0.351286	-0.446747
-0.653146	0.479281	-0.454505
-0.716174	0.469099	-0.426385
-0.728779	0.526309	-0.547591
-0.830108	0.502068	-0.406022
-0.723931	0.579155	-0.522865
-0.904771	0.808963	-0.406991
-0.704053	0.461342	-0.249907
-0.554726	0.49528	-0.448202
-0.876167	0.687756	-0.312935
-0.744294	0.429828	-0.278997
-0.676418	0.329469	-0.406022
-0.800534	0.414314	-0.38275
-0.785504	0.376012	-0.357539
-0.781625	0.383285	-0.386629
-0.792776	0.454554	-0.410385
-0.789383	0.492856	-0.426869
-0.828654	0.681454	-0.53838
-0.882469	0.603396	-0.360933
-0.616784	0.444858	-0.486503
-0.750596	0.59467	-0.438505
-0.706962	0.545217	-0.402143
-0.621632	0.409466	-0.406991
-0.635208	0.413829	-0.436081
-0.720052	0.461827	-0.423476
-0.728294	0.463281	-0.508805
-0.795201	0.545217	-0.463231
-0.758354	0.590306	-0.494745
-0.814109	0.798782	-0.497654
-0.743324	0.459403	-0.284815
-0.612906	0.478311	-0.459838
-0.817018	0.607275	-0.358024
-0.731203	0.445828	-0.351236
-0.712295	0.33965	-0.418142
-0.785019	0.430798	-0.412325
-0.78308	0.373588	-0.390023
-0.764172	0.31153	-0.400689
-0.781625	0.386194	-0.45305
-0.822836	0.423526	-0.454505
-0.849016	0.544732	-0.49426
-0.899923	0.658182	-0.402143
-0.651207	0.376497	-0.4099
-0.649268	0.575761	-0.453535
-0.803443	0.681454	-0.415234
-0.610966	0.420132	-0.384205
-0.548908	0.379891	-0.432203

-0.879076	0.733815	-0.571833
-0.835926	0.571883	-0.333783
-0.522243	0.404132	-0.491351
-0.738961	0.632971	-0.366266
-0.650722	0.560732	-0.479231
-0.625511	0.402678	-0.475352
-0.669146	0.477341	-0.49426
-0.672539	0.412375	-0.46614
-0.707447	0.414799	-0.491836
-0.760778	0.559762	-0.507351
-0.789867	0.517582	-0.461777
-0.801018	0.57964	-0.481655
-0.831563	0.694544	-0.413779
-0.596906	0.392981	-0.2853
-0.65751	0.549581	-0.413294
-0.810715	0.60776	-0.400204
-0.704538	0.373588	-0.371599
-0.679327	0.326075	-0.437051
-0.750112	0.432252	-0.425415
-0.76805	0.414314	-0.38178
-0.774353	0.321712	-0.429778
-0.783565	0.429828	-0.502502
-0.791322	0.500613	-0.530622
-0.846107	0.896232	-0.616437
-0.779201	0.535036	-0.314874
-0.545515	0.455524	-0.530622
-0.775323	0.643637	-0.395356
-0.680781	0.541339	-0.436081
-0.595937	0.389103	-0.439475
-0.637147	0.443403	-0.485534
-0.696781	0.448737	-0.472928
-0.702114	0.454554	-0.506381
-0.733143	0.485583	-0.489412
-0.705508	0.474917	-0.49523
-0.763202	0.670787	-0.491351
-0.761747	0.676605	-0.397295
-0.639571	0.368255	-0.388083
-0.65654	0.53649	-0.497169
-0.771929	0.599033	-0.39778
-0.678842	0.412375	-0.373538
-0.69872	0.403648	-0.443354
-0.761747	0.417223	-0.414749
-0.739445	0.384739	-0.416688
-0.758354	0.365346	-0.475352
-0.770959	0.41189	-0.499109
-0.821381	0.588852	-0.527229
-0.86841	0.87393	-0.600922
-0.668661	0.389103	-0.433172
-0.494608	0.464251	-0.529168

-0.825745	0.439525	-0.471958
-0.82526	0.552005	-0.546622
-0.932892	0.713452	-0.492806
-0.632299	0.370679	-0.422991
-0.611451	0.585943	-0.559227
-0.802958	0.632971	-0.443354
-0.636177	0.441949	-0.418627
-0.605633	0.395406	-0.497654
-0.695811	0.438555	-0.431718
-0.702114	0.420617	-0.498624
-0.752536	0.473948	-0.52335
-0.787928	0.476372	-0.458868
-0.735082	0.432737	-0.459838
-0.788898	0.55055	-0.421536
-0.8112	0.666424	-0.541773
-0.715204	0.320742	-0.311481
-0.672054	0.530672	-0.474867
-0.845138	0.572852	-0.36966
-0.687569	0.276138	-0.384689
-0.682236	0.29747	-0.451111
-0.78211	0.418677	-0.427354
-0.752051	0.33965	-0.364327
-0.766596	0.337711	-0.436566
-0.838835	0.440979	-0.446747
-0.834472	0.404617	-0.455959
-0.861622	0.502552	-0.541773
-0.883439	0.539884	-0.444808
-0.64151	0.298925	-0.415234
-0.709871	0.611638	-0.525774
-0.787928	0.641213	-0.483594
-0.637147	0.393951	-0.437051
-0.597391	0.344499	-0.48117
-0.689993	0.447767	-0.427354
-0.708901	0.42498	-0.453535
-0.747688	0.450676	-0.5505
-0.790837	0.450676	-0.434142
-0.776777	0.631032	-0.585408
-0.844653	0.615032	-0.434142
-0.694357	0.339166	-0.400204
-0.766111	0.564125	-0.432203
-0.833017	0.603881	-0.386144
-0.693387	0.38183	-0.395356
-0.674963	0.343044	-0.433657
-0.748657	0.420132	-0.43899
-0.772414	0.402678	-0.400689
-0.758839	0.351286	-0.427839
-0.744294	0.347892	-0.460322
-0.819927	0.431283	-0.477291
-0.823805	0.469099	-0.499109
-0.875682	0.644122	-0.568439
-0.780656	0.481705	-0.403113
-0.645874	0.533581	-0.564076
-0.812169	0.614547	-0.470019
-0.652661	0.4531	-0.416688
-0.596421	0.36971	-0.415234
-0.66963	0.435646	-0.457414

-0.916892	0.671272	-0.492806
-0.903317	0.623274	-0.434627
-0.55909	0.319772	-0.429294
-0.755445	0.631032	-0.476807
-0.701629	0.534066	-0.435111
-0.589149	0.394436	-0.436081
-0.629875	0.336257	-0.426385
-0.680781	0.487523	-0.500563
-0.700174	0.442434	-0.423476
-0.771929	0.525339	-0.525289
-0.776292	0.518552	-0.506381
-0.880045	0.709089	-0.534016
-0.805382	0.469584	-0.348812
-0.616784	0.408011	-0.445293
-0.79714	0.604366	-0.41087
-0.803443	0.517097	-0.326025
-0.706962	0.326075	-0.398265
-0.696781	0.356619	-0.45402
-0.719568	0.378437	-0.429778
-0.791807	0.32656	-0.374023
-0.780656	0.356619	-0.473413
-0.845138	0.39589	-0.458383
-0.834472	0.456979	-0.511229
-0.942588	0.764844	-0.549531
-0.701629	0.402678	-0.38372
-0.643934	0.604366	-0.504927
-0.76805	0.612608	-0.450626
-0.631814	0.384255	-0.403113
-0.58527	0.361952	-0.46711
-0.686599	0.446312	-0.433172
-0.716659	0.435646	-0.495715
-0.765141	0.483644	-0.491836
-0.803927	0.412859	-0.426869
-0.823805	0.497219	-0.493291
-0.889742	0.62279	-0.482625
-0.64151	0.346438	-0.359478
-0.734597	0.53843	-0.422991
-0.805867	0.501098	-0.414749
-0.707447	0.279047	-0.414749
-0.679812	0.351771	-0.461292
-0.777262	0.394921	-0.363842
-0.751081	0.35371	-0.405537
-0.755445	0.34159	-0.427839
-0.786959	0.412375	-0.458868
-0.817987	0.468614	-0.4962
-0.885378	0.713452	-0.622255
-0.837865	0.5234	-0.357539
-0.617754	0.39686	-0.556803
-0.823805	0.63491	-0.39778
-0.714719	0.563641	-0.407476
-0.600785	0.391042	-0.400689
-0.608542	0.472008	-0.449171
-0.659934	0.452615	-0.45402
-0.717143	0.451161	-0.486503
-0.775323	0.53746	-0.492806
-0.8112	0.607275	-0.525774
-0.860652	0.697453	-0.489412

-0.717143	0.621335	-0.438505
-0.607088	0.377467	-0.420082
-0.616299	0.407526	-0.433657
-0.69775	0.464251	-0.45402
-0.739445	0.428859	-0.48117
-0.721022	0.511764	-0.553894
-0.764172	0.48219	-0.43899
-0.787443	0.642183	-0.53741
-0.856774	0.614063	-0.362872
-0.576544	0.338196	-0.392932
-0.769505	0.545702	-0.459838
-0.807806	0.554429	-0.38372
-0.72587	0.336741	-0.393901
-0.705992	0.376497	-0.446747
-0.766596	0.410435	-0.426869
-0.775323	0.366316	-0.38372
-0.774838	0.392497	-0.468565
-0.79811	0.398314	-0.468565
-0.815078	0.46619	-0.507351
-0.883439	0.702786	-0.556803
-0.76999	0.442919	-0.344449
-0.595937	0.438555	-0.466625
-0.776292	0.661091	-0.443354
-0.722961	0.610184	-0.400689
-0.542121	0.391042	-0.412325
-0.59933	0.472978	-0.451111
-0.705992	0.492856	-0.439475
-0.713265	0.509825	-0.511229
-0.763202	0.505461	-0.465656
-0.729264	0.591761	-0.559227
-0.910105	0.894778	-0.572802
-0.707447	0.357589	-0.327965
-0.566362	0.450676	-0.492321
-0.858713	0.650425	-0.348327
-0.716659	0.404132	-0.327965
-0.679812	0.297955	-0.448687
-0.78308	0.380861	-0.398265
-0.76902	0.35565	-0.415718
-0.781141	0.356135	-0.428809
-0.792776	0.373104	-0.466625
-0.759323	0.42401	-0.474867
-0.743324	0.549096	-0.566015
-0.932892	0.681454	-0.45305
-0.662843	0.307652	-0.38372
-0.735567	0.653818	-0.530622
-0.814109	0.675151	-0.478746
-0.632299	0.358074	-0.423476
-0.57315	0.344984	-0.477776
-0.703568	0.394436	-0.43996
-0.705992	0.405587	-0.515593
-0.779201	0.52437	-0.505896
-0.756899	0.414799	-0.452565
-0.720537	0.52437	-0.518502
-0.796655	0.716846	-0.502987
-0.748657	0.462312	-0.321177
-0.593997	0.409466	-0.43802

-0.882954	0.752238	-0.534501
-0.725385	0.407041	-0.338631
-0.616299	0.466675	-0.558742
-0.865985	0.704725	-0.422021
-0.690478	0.488492	-0.372569
-0.561999	0.316864	-0.432203
-0.689993	0.416253	-0.441414
-0.688539	0.476372	-0.492321
-0.763687	0.562186	-0.498624
-0.797625	0.434192	-0.433657
-0.739445	0.579155	-0.532077
-0.927558	0.651394	-0.369175
-0.566847	0.267411	-0.392447
-0.718598	0.511279	-0.453535
-0.876652	0.576246	-0.369175
-0.734597	0.272744	-0.370145
-0.705992	0.329469	-0.485049
-0.780656	0.387163	-0.395356
-0.745748	0.322681	-0.386144
-0.806352	0.399769	-0.502987
-0.827684	0.384739	-0.446747
-0.834956	0.395406	-0.471958
-0.913014	0.730906	-0.50832
-0.721992	0.380861	-0.319723
-0.57218	0.529218	-0.536925
-0.848532	0.757572	-0.444323
-0.697265	0.492371	-0.363357
-0.553757	0.318803	-0.407961
-0.664297	0.451645	-0.403598
-0.699205	0.478796	-0.486018
-0.718598	0.515643	-0.515108
-0.761747	0.497219	-0.409416
-0.734112	0.549581	-0.549046
-0.931437	0.83272	-0.53644
-0.705508	0.366316	-0.385174
-0.537757	0.402193	-0.527229
-0.849501	0.594185	-0.458868
-0.813624	0.408496	-0.334752
-0.683205	0.300379	-0.447232
-0.76999	0.374558	-0.408931
-0.798594	0.344984	-0.391477
-0.780171	0.327045	-0.415234
-0.791807	0.398799	-0.488927
-0.792292	0.472493	-0.492806
-0.85435	0.743996	-0.627588
-0.857258	0.512249	-0.3556
-0.570726	0.324621	-0.45305
-0.743324	0.652364	-0.46711
-0.79617	0.662061	-0.444808
-0.625511	0.392981	-0.374508
-0.60127	0.399769	-0.462747
-0.724901	0.500613	-0.422506
-0.709386	0.45213	-0.45208
-0.715689	0.487038	-0.52335
-0.756414	0.471523	-0.461292
-0.830108	0.627638	-0.5665

-0.650237	-0.539826	-0.386144
-0.603694	-0.507828	-0.410385
-0.649268	-0.575703	-0.461292
-0.687569	-0.591703	-0.475352
-0.745263	-0.647943	-0.476322
-0.710356	-0.68285	-0.447717
-0.734597	-0.618853	-0.413294
-0.799079	-0.560674	-0.421536
-0.710356	-0.596551	-0.310511
-0.694357	-0.545644	-0.375963
-0.662358	-0.575219	-0.369175
-0.592058	-0.631943	-0.333298
-0.599815	-0.590733	-0.330874
-0.644904	-0.608672	-0.360448
-0.660419	-0.666851	-0.328449
-0.696781	-0.677032	-0.372084
-0.766111	-0.664427	-0.371599
-0.801503	-0.666851	-0.457898
-0.814109	-0.554856	-0.445293
-0.636177	-0.616914	-0.390992
-0.733628	-0.50201	-0.488442
-0.815563	-0.493283	-0.467595
-0.6003	-0.538857	-0.347843
-0.626966	-0.509282	-0.432203
-0.668176	-0.55825	-0.450141
-0.704538	-0.590733	-0.471474
-0.76805	-0.601884	-0.481655
-0.735567	-0.636307	-0.442869
-0.773383	-0.609641	-0.48214
-0.748657	-0.652306	-0.346388
-0.654601	-0.499586	-0.402143
-0.723446	-0.521888	-0.384205
-0.65654	-0.611581	-0.328934
-0.614845	-0.637761	-0.339116
-0.653631	-0.577158	-0.391962
-0.678842	-0.621762	-0.337176
-0.659934	-0.651336	-0.329904
-0.699205	-0.644064	-0.387114
-0.746233	-0.651336	-0.393901
-0.828654	-0.599945	-0.51026
-0.801018	-0.563098	-0.366266
-0.631329	-0.55728	-0.406022
-0.830593	-0.463708	-0.48117
-0.824775	-0.496677	-0.456929
-0.576544	-0.53013	-0.333783
-0.603209	-0.470981	-0.431718
-0.698235	-0.515585	-0.437536
-0.697265	-0.576188	-0.426385
-0.756414	-0.596551	-0.436081
-0.711325	-0.647943	-0.433657
-0.788898	-0.581521	-0.500078
-0.848047	-0.496677	-0.470989
-0.619208	-0.552917	-0.338146
-0.715689	-0.451103	-0.455959
-0.833017	-0.494252	-0.43802
-0.711325	-0.592188	-0.329904
-0.634238	-0.528675	-0.406507
-0.688054	-0.509767	-0.433172

-0.694841	-0.477768	-0.457414
-0.742354	-0.499586	-0.464686
-0.757869	-0.548068	-0.426869
-0.759323	-0.544674	-0.491351
-0.83738	-0.462254	-0.592195
-0.709871	-0.582976	-0.295966
-0.710356	-0.477768	-0.445778
-0.79617	-0.529645	-0.467595
-0.767565	-0.563098	-0.374508
-0.6003	-0.531099	-0.403113
-0.692902	-0.48795	-0.441899
-0.717143	-0.563583	-0.388568
-0.677872	-0.607702	-0.394871
-0.747203	-0.545644	-0.442384
-0.743809	-0.595581	-0.475352
-0.910589	-0.51607	-0.614013
-0.83738	-0.55728	-0.408446
-0.58527	-0.502979	-0.445293
-0.800049	-0.397772	-0.475352
-0.820412	-0.414256	-0.448202
-0.594482	-0.477283	-0.389538
-0.64248	-0.447224	-0.455474
-0.729264	-0.47195	-0.459838
-0.736052	-0.520918	-0.485534
-0.763687	-0.521403	-0.478261
-0.781625	-0.553886	-0.497654
-0.862592	-0.503949	-0.512199
-0.777747	-0.518009	-0.431233
-0.686114	-0.457406	-0.451596
-0.795685	-0.462254	-0.417658
-0.780656	-0.527221	-0.356085
-0.629875	-0.528675	-0.388568
-0.660903	-0.517039	-0.415718
-0.724416	-0.561643	-0.389538
-0.684175	-0.617399	-0.390507
-0.758354	-0.554856	-0.443838
-0.743809	-0.570855	-0.456929
-0.856774	-0.521403	-0.576196
-0.970708	-0.503949	-0.426385
-0.631814	-0.521888	-0.43802
-0.83738	-0.381773	-0.495715
-0.842229	-0.412801	-0.453535
-0.623087	-0.478738	-0.350752
-0.609512	-0.418135	-0.402143
-0.67157	-0.454497	-0.417173
-0.724901	-0.493768	-0.505411
-0.801503	-0.547583	-0.442869
-0.696781	-0.580552	-0.458868
-0.862107	-0.466617	-0.49426
-0.879076	-0.488435	-0.429778
-0.685145	-0.464678	-0.416203
-0.794231	-0.478738	-0.405052
-0.790837	-0.519463	-0.396325
-0.64345	-0.552432	-0.387598
-0.718113	-0.540311	-0.404567
-0.734597	-0.593642	-0.356085

-0.688539	-0.603823	-0.317783
-0.763202	-0.41668	-0.46808
-0.878106	-0.432195	-0.446747
-0.69969	-0.536917	-0.362872
-0.55812	-0.52916	-0.389538
-0.653146	-0.513646	-0.4099
-0.728779	-0.569401	-0.410385
-0.72684	-0.597036	-0.425415
-0.808291	-0.539826	-0.448687
-0.777262	-0.553886	-0.487958
-0.883439	-0.536917	-0.581529
-0.802473	-0.50104	-0.400204
-0.628905	-0.538372	-0.462747
-0.86841	-0.412317	-0.546137
-0.804412	-0.378864	-0.420567
-0.561029	-0.451588	-0.342994
-0.654601	-0.424922	-0.443354
-0.732658	-0.443346	-0.448202
-0.78308	-0.458375	-0.518987
-0.813139	-0.538372	-0.436566
-0.833017	-0.548553	-0.513653
-0.96586	-0.429286	-0.422991
-0.636662	-0.422498	-0.375963
-0.778716	-0.432679	-0.442384
-0.864531	-0.499586	-0.380811
-0.654116	-0.596551	-0.384689
-0.653631	-0.490374	-0.445293
-0.749142	-0.480192	-0.404567
-0.691932	-0.571825	-0.3556
-0.71278	-0.583945	-0.421536
-0.815078	-0.498616	-0.419597
-0.812169	-0.540796	-0.416688
-0.902347	-0.505403	-0.626618
-0.78405	-0.498616	-0.41087
-0.638601	-0.494737	-0.445778
-0.857258	-0.400196	-0.46711
-0.857743	-0.396802	-0.471958
-0.597391	-0.470981	-0.342994
-0.644419	-0.423952	-0.451111
-0.69872	-0.454012	-0.452565
-0.737506	-0.491828	-0.469049
-0.779686	-0.498131	-0.512684
-0.79714	-0.542735	-0.425415
-0.848047	-0.47389	-0.481655
-0.940164	-0.366258	-0.490867
-0.643934	-0.478253	-0.363357
-0.750596	-0.429286	-0.464686
-0.901863	-0.446255	-0.432687
-0.67157	-0.560674	-0.363357
-0.649268	-0.485041	-0.462747
-0.774838	-0.452072	-0.442869
-0.732658	-0.565522	-0.383235
-0.68563	-0.565522	-0.414749
-0.752051	-0.491828	-0.457414
-0.76805	-0.509282	-0.45208
-0.827199	-0.511221	-0.585893
-1.03422	-0.444315	-0.498139

-0.673994	-0.391469	-0.404567
-0.768535	-0.344926	-0.468565
-0.988647	-0.342501	-0.441899
-0.729264	-0.497161	-0.311965
-0.625511	-0.463708	-0.458383
-0.707932	-0.450618	-0.406991
-0.801988	-0.507343	-0.356085
-0.719083	-0.550977	-0.391477
-0.758354	-0.488435	-0.444808
-0.800534	-0.464678	-0.486018
-0.832532	-0.521888	-0.488927
-1.00465	-0.465648	-0.497169
-0.738476	-0.402135	-0.379356
-0.662843	-0.377409	-0.460322
-0.891196	-0.337168	-0.545167
-0.775323	-0.384197	-0.420082
-0.629875	-0.374015	-0.421536
-0.721507	-0.404075	-0.471958
-0.811685	-0.463708	-0.473898
-0.826229	-0.520433	-0.49523
-0.817987	-0.491828	-0.481655
-0.793261	-0.416195	-0.469534
-0.888287	-0.367228	-0.520441
-0.952285	-0.383712	-0.404083
-0.595452	-0.450618	-0.314874
-0.770474	-0.368682	-0.489412
-0.942588	-0.367228	-0.467595
-0.722961	-0.527221	-0.315359
-0.650237	-0.517524	-0.453535
-0.708901	-0.494737	-0.402143
-0.731203	-0.529645	-0.358509
-0.695326	-0.562128	-0.393416
-0.791807	-0.486495	-0.444808
-0.78405	-0.521888	-0.45208
-0.923195	-0.489889	-0.567469
-0.841259	-0.452072	-0.404567
-0.623572	-0.476314	-0.390992
-0.871318	-0.337168	-0.5505
-0.944043	-0.310988	-0.508805
-0.642965	-0.386621	-0.351721
-0.598361	-0.395832	-0.444808
-0.746718	-0.418135	-0.477776
-0.827684	-0.438012	-0.445778
-0.805382	-0.465163	-0.496685
-0.8112	-0.476799	-0.443354
-0.849016	-0.460315	-0.521411
-0.970223	-0.406499	-0.544198
-0.694357	-0.442861	-0.315844
-0.722476	-0.390499	-0.49523
-0.836411	-0.393893	-0.449171
-0.720537	-0.485041	-0.336692
-0.614845	-0.517524	-0.409416
-0.729264	-0.480677	-0.437536
-0.803927	-0.501525	-0.406022
-0.707932	-0.571825	-0.359963
-0.706477	-0.523827	-0.447717
-0.764172	-0.485526	-0.441899

-1.1404	0.037603	-0.475352
-0.85241	0.0259672	-0.333298
-0.903802	0.10257	-0.412325
-1.00949	0.163658	-0.372569
-0.816048	0.0613596	-0.320692
-0.64345	0.0104527	-0.358509
-0.832532	0.0138465	-0.413294
-0.90768	-0.0278486	-0.439475
-0.947436	-0.0307576	-0.463716
-0.999798	-0.0244548	-0.429778
-1.02646	0.0249975	-0.427839
-1.17143	0.115175	-0.436081
-0.8112	0.0206341	-0.271725
-0.821381	0.160264	-0.329419
-0.998828	0.131175	-0.374508
-0.870349	-0.09427	-0.340085
-0.793746	-0.074392	-0.362387
-0.866955	-0.0186369	-0.334267
-0.911074	-0.0729376	-0.342509
-0.833987	-0.155358	-0.378872
-0.90962	-0.130147	-0.450626
-0.988162	-0.0966941	-0.458868
-1.04343	-0.0806948	-0.502018
-1.15882	0.0812375	-0.492806
-0.737021	0.03227	-0.337176
-0.921256	0.163658	-0.415234
-1.01434	0.202929	-0.362872
-0.771929	0.0565113	-0.288209
-0.732658	0.0342093	-0.360933
-0.842229	-0.00845554	-0.373538
-0.912529	-0.0162128	-0.431233
-0.992525	0.00269549	-0.440929
-0.906711	-0.0486962	-0.422991
-1.03955	0.0899644	-0.442384
-1.10355	0.169476	-0.363357
-0.833502	0.093843	-0.330874
-0.931922	0.149598	-0.321177
-0.996889	0.0138465	-0.262998
-0.843683	-0.0860279	-0.267361
-0.850471	-0.0685741	-0.324086
-0.874712	-0.063241	-0.352206
-0.85338	-0.16457	-0.38372
-0.917377	-0.0840886	-0.41184
-1.01386	-0.040939	-0.457414
-1.04877	-0.00506175	-0.491351
-1.07058	0.0851161	-0.463716
-0.745263	0.0148162	-0.368205
-0.994949	0.186445	-0.48117
-1.0284	0.181597	-0.360448
-0.695811	0.00511963	-0.332328
-0.681751	-0.0259093	-0.373054
-0.932407	-0.00700106	-0.465656
-0.896045	-0.0234852	-0.453535
-0.941618	0.012392	-0.485534
-0.918347	-0.0293031	-0.439475
-0.968769	0.0603899	-0.486988
-1.12876	0.10257	-0.45208

-0.626481	0.0104527	-0.355115
-0.818957	-0.000698301	-0.396325
-0.877621	0.0128769	-0.458868
-0.944043	0.0240279	-0.43996
-0.977496	-0.0215459	-0.455959
-1.10694	0.071541	-0.503957
-1.10888	0.093843	-0.371599
-0.640541	-0.00312244	-0.322632
-0.883439	0.114691	-0.422021
-1.03664	-0.0118493	-0.293057
-0.801018	-0.13645	-0.337176
-0.780171	-0.116572	-0.330874
-0.902832	-0.0966941	-0.364812
-0.823805	-0.184448	-0.361418
-0.926104	-0.122875	-0.474383
-1.03664	-0.0230004	-0.481655
-1.23591	0.127781	-0.598013
-0.928528	0.0773589	-0.375478
-0.746718	0.126326	-0.435111
-0.971193	0.290198	-0.495715
-0.869379	0.133114	-0.376447
-0.671085	0.0317851	-0.344449
-0.749142	-0.03803	-0.398749
-0.904287	-0.0297879	-0.472928
-0.917862	-0.0113645	-0.464686
-0.961981	-0.0249397	-0.468565
-0.942588	-0.02397	-0.489412
-1.08852	0.138447	-0.571833
-0.991071	0.0506934	-0.374993
-0.730719	0.105479	-0.355115
-0.973617	0.165597	-0.43899
-0.924649	-0.012819	-0.344934
-0.724416	-0.132086	-0.364812
-0.788898	-0.121905	-0.364812
-0.874712	-0.128208	-0.409416
-0.818957	-0.166994	-0.383235
-0.977011	-0.113663	-0.477776
-1.02937	-0.103967	-0.490382
-1.04489	-0.0467569	-0.547591
-0.992525	0.040512	-0.463716
-0.7409	0.0846313	-0.435596
-0.986222	0.20002	-0.516562
-0.96489	0.146204	-0.464686
-0.657994	-0.0147583	-0.335237
-0.705508	-0.0307576	-0.41087
-0.872773	-0.0312424	-0.451111
-0.898954	0.0206341	-0.473898
-0.988162	0.0119072	-0.470019
-1.00755	-0.0443328	-0.488927
-1.1307	0.101115	-0.570863
-0.823321	-0.0225155	-0.348327
-0.692902	0.082692	-0.309541
-1.02258	0.136508	-0.414264
-0.962466	-0.0748769	-0.426869
-0.663812	-0.200932	-0.41184
-0.765141	-0.0957244	-0.41087

-1.01192	0.0414817	-0.358994
-0.731688	-0.132086	-0.401174
-0.778716	-0.0831189	-0.432203
-0.921256	-0.0894217	-0.447232
-0.836896	-0.164085	-0.373538
-0.926589	-0.113663	-0.434142
-1.04973	-0.0874824	-0.488927
-1.00416	-0.0996031	-0.540804
-1.13894	0.113721	-0.52335
-0.660419	0.00124101	-0.395356
-0.898469	0.179173	-0.475352
-1.01337	0.174809	-0.424445
-0.704538	0.000271354	-0.383235
-0.625026	-0.0564534	-0.379841
-0.846107	-0.0196066	-0.451596
-0.915438	0.0133617	-0.496685
-0.920286	-0.00409209	-0.455959
-0.93677	-0.116087	-0.449171
-1.09531	0.00608928	-0.514138
-1.05943	0.1176	-0.365296
-0.801018	0.0642685	-0.374993
-0.901378	0.0792982	-0.445293
-0.841259	-0.0574231	-0.388083
-0.761747	-0.12336	-0.428324
-0.800049	-0.113663	-0.417658
-0.873743	-0.134995	-0.387598
-0.83835	-0.185417	-0.422506
-1.0507	-0.074392	-0.46808
-1.00901	-0.129178	-0.45208
-1.14185	-0.0147583	-0.550016
-0.805382	-0.021061	-0.362872
-0.797625	0.0720258	-0.462747
-1.03034	0.206323	-0.488927
-0.859198	0.0613596	-0.338631
-0.630359	-0.03803	-0.401174
-0.807806	-0.0574231	-0.436081
-0.90865	-0.02397	-0.496685
-0.856774	-0.102997	-0.450626
-0.990101	-0.0530596	-0.471474
-0.947436	-0.0952396	-0.463231
-1.00901	0.0211189	-0.469049
-1.02986	0.0521479	-0.382265
-0.724416	0.0453603	-0.299845
-0.994949	0.14378	-0.428809
-0.957618	-0.00991002	-0.39681
-0.772899	-0.132571	-0.377902
-0.785019	-0.108815	-0.371599
-0.883924	-0.1093	-0.401174
-0.865016	-0.168933	-0.407476
-0.887318	-0.184933	-0.440445
-1.04246	-0.100088	-0.460322
-1.08755	-0.0869975	-0.541289
-1.12585	0.0962671	-0.507836
-0.693872	0.054572	-0.402143
-0.921256	0.184506	-0.466625

-0.869379	-0.088452	-0.32651
-0.765141	-0.145662	-0.381296
-0.8112	-0.132086	-0.420567
-0.857258	-0.171842	-0.436566
-0.820896	-0.245536	-0.460807
-0.988162	-0.130632	-0.512199
-1.1021	-0.146631	-0.560197
-1.15494	0.0216038	-0.523835
-0.67157	-0.0477265	-0.41087
-0.930467	0.126326	-0.519956
-1.04101	0.115175	-0.432687
-0.675933	-0.0501507	-0.364327
-0.618724	-0.0700286	-0.35463
-0.833987	-0.0482114	-0.436566
-0.897014	-0.105906	-0.491836
-0.958587	-0.0903913	-0.493776
-0.989616	-0.10833	-0.436566
-1.05652	-0.0234852	-0.505411
-1.09725	0.0647534	-0.42396
-0.776292	0.0608748	-0.308572
-0.924649	0.165597	-0.414749
-0.941618	-0.0220307	-0.346388
-0.794716	-0.127238	-0.38178
-0.78308	-0.0981486	-0.374993
-0.861622	-0.115118	-0.362387
-0.830108	-0.17863	-0.335237
-0.888287	-0.194629	-0.392447
-1.02501	-0.0860279	-0.506381
-1.05555	-0.026879	-0.5505
-1.17191	0.054572	-0.509775
-0.66963	-0.0700286	-0.356085
-0.92368	0.149113	-0.49426
-1.06137	0.207293	-0.43802
-0.721507	-0.0259093	-0.321177
-0.64248	-0.0608169	-0.41184
-0.827684	-0.0394845	-0.458383
-0.897499	-0.0506355	-0.514138
-0.90962	-0.0739072	-0.499593
-0.954224	-0.112693	-0.451596
-0.97798	0.0138465	-0.475837
-1.15397	0.191778	-0.461292
-0.910105	0.0836616	-0.415234
-0.719083	0.0676623	-0.36966
-0.925134	0.0603899	-0.439475
-0.972163	-0.074392	-0.407961
-0.744294	-0.161176	-0.383235
-0.795685	-0.122875	-0.392447
-0.872288	-0.141783	-0.387598
-0.812654	-0.188326	-0.394386
-0.929982	-0.120935	-0.450141
-1.01725	-0.111724	-0.461292
-1.27712	0.0725106	-0.593165
-0.791322	-0.0530596	-0.329419
-0.770959	0.0914189	-0.487958
-1.08464	0.326075	-0.469534
-0.941618	0.114206	-0.331843
-0.663328	-0.0230004	-0.387598
-0.732173	-0.0171824	-0.427354
-0.95083	-0.00700106	-0.469534
-0.900408	-0.0360907	-0.500078

-0.746233	0.00754376	-0.489897
-0.853865	0.0128769	-0.485534
-0.878591	0.0143313	-0.516078
-0.92174	0.0734803	-0.523835
-1.00755	0.0982065	-0.518987
-1.10985	0.212626	-0.483109
-0.699205	-0.02397	-0.361418
-0.847077	0.0172403	-0.431718
-0.985253	0.0982065	-0.443838
-0.804897	-0.00312244	-0.35463
-0.791322	-0.0865127	-0.425415
-0.83835	-0.0496659	-0.441414
-0.800049	-0.106875	-0.403598
-0.929498	-0.0899065	-0.490867
-1.03955	0.00851342	-0.52335
-1.17434	0.137962	-0.645042
-0.792292	0.0162707	-0.398749
-0.668661	-0.0152431	-0.440445
-1.04198	0.18693	-0.515593
-0.931437	0.175294	-0.439475
-0.673024	0.0172403	-0.3556
-0.778232	0.0366334	-0.516078
-0.826229	0.0313003	-0.473898
-0.851441	0.0191796	-0.500078
-0.940649	0.065723	-0.518987
-0.90768	0.0191796	-0.502018
-0.99301	0.0691168	-0.58056
-0.817018	0.0308155	-0.484564
-0.815078	-0.0152431	-0.379841
-0.961496	0.0424513	-0.408931
-0.871803	0.012392	-0.383235
-0.776777	-0.114633	-0.360448
-0.848047	-0.0511203	-0.478746
-0.850471	-0.102512	-0.38372
-0.824775	-0.136935	-0.401658
-0.933861	-0.0656651	-0.489412
-1.02065	-0.0302728	-0.520926
-1.14185	0.0531175	-0.596559
-0.918831	0.0308155	-0.429778
-0.709871	0.00705893	-0.43899
-0.969254	0.187899	-0.525289
-0.910589	0.179657	-0.427839
-0.701144	0.0259672	-0.390023
-0.742839	0.0162707	-0.501533
-0.850956	0.0177251	-0.48214
-0.904287	0.0172403	-0.520441
-0.946952	0.03227	-0.501533
-0.897014	-0.00651623	-0.519471
-0.987677	0.0526327	-0.535471
-0.888772	0.0380879	-0.459838
-0.78308	0.0196644	-0.394386
-0.925619	0.0802678	-0.45305
-0.945497	0.0303306	-0.380811
-0.832532	-0.0603321	-0.375478
-0.849986	-0.0709982	-0.43802
-0.864046	-0.0903913	-0.400204

-0.967314	-0.0777858	-0.476322
-1.03858	-0.00360727	-0.533047
-1.11373	0.161719	-0.530622
-0.650722	-0.15051	-0.249907
-0.881985	0.0565113	-0.497169
-0.988162	0.0361486	-0.412325
-0.709871	-0.150025	-0.359478
-0.776292	-0.159237	-0.440929
-0.89556	-0.121905	-0.450141
-0.871803	-0.194144	-0.385659
-0.960042	-0.166994	-0.520441
-0.995919	-0.126269	-0.502018
-1.11664	0.0342093	-0.642618
-0.887803	0.0104527	-0.419112
-0.732173	0.0099679	-0.480685
-0.973132	0.14572	-0.558742
-0.844168	0.0327548	-0.433657
-0.671085	-0.108815	-0.390023
-0.732173	-0.0787555	-0.464201
-0.857743	-0.0399693	-0.480685
-0.921256	-0.0123342	-0.529168
-0.926589	-0.0593624	-0.468565
-0.985738	-0.0244548	-0.541289
-1.15397	0.138932	-0.539349
-0.716659	-0.140329	-0.285785
-0.809261	0.0308155	-0.539349
-1.0158	0.0497237	-0.429294
-0.738476	-0.167964	-0.398265
-0.718113	-0.214022	-0.469534
-0.827684	-0.15051	-0.449171
-0.863076	-0.17863	-0.383235
-0.959072	-0.15051	-0.479716
-0.96489	-0.154873	-0.501048
-1.09919	-0.0530596	-0.637769
-0.919316	-0.0855431	-0.454989
-0.719568	-0.00215278	-0.507351
-0.934346	0.152022	-0.516562
-0.843199	0.0666927	-0.442384
-0.679327	-0.0811796	-0.385659
-0.745748	-0.0472417	-0.459838
-0.848047	-0.0603321	-0.484564
-0.919801	-0.0486962	-0.589771
-0.943073	-0.0613017	-0.516562
-1.02937	-0.0181521	-0.551955
-1.05943	0.104994	-0.502987
-0.720537	-0.0966941	-0.332813
-0.849501	0.0196644	-0.503957
-0.96392	0.029361	-0.41087
-0.769505	-0.203356	-0.386629
-0.790352	-0.226628	-0.486503
-0.863561	-0.133541	-0.454989
-0.839805	-0.182024	-0.370145
-0.890712	-0.155358	-0.474383
-0.951315	-0.124329	-0.470504

-0.840289	-0.0462721	-0.494745
-0.870834	-0.0603321	-0.529168
-0.945497	-0.021061	-0.515593
-0.961981	-0.012819	-0.50832
-1.08222	0.0812375	-0.574742
-0.759808	-0.088452	-0.331843
-0.849016	0.0216038	-0.447232
-1.0061	0.0400272	-0.463231
-0.809261	-0.0676045	-0.35366
-0.717143	-0.144207	-0.437051
-0.841259	-0.112209	-0.48117
-0.843199	-0.165055	-0.405537
-0.832047	-0.221295	-0.443354
-0.951315	-0.124329	-0.505411
-1.01822	-0.0782707	-0.497169
-1.16609	0.0463299	-0.585893
-0.814109	-0.0957244	-0.375478
-0.820412	0.0385727	-0.546137
-1.04392	0.106933	-0.486503
-0.791807	-0.00942519	-0.363357
-0.667691	-0.0957244	-0.41087
-0.76902	-0.0865127	-0.470504
-0.841259	-0.0511203	-0.490382
-0.907196	-0.0603321	-0.516562
-0.945982	-0.0889369	-0.468565
-0.976041	-0.0705134	-0.518502
-1.05943	0.0662079	-0.490382
-0.772899	-0.0564534	-0.374023
-0.903802	0.0201493	-0.432687
-0.968284	-0.000698301	-0.447717
-0.777747	-0.14954	-0.374508
-0.792776	-0.132571	-0.449656
-0.817987	-0.112209	-0.413294
-0.825745	-0.160691	-0.39778
-0.887318	-0.15051	-0.465656
-1.00513	-0.166509	-0.451596
-0.99301	-0.131602	-0.485049
-1.20779	0.105479	-0.621285
-0.783565	-0.0860279	-0.333783
-0.705023	-0.0133038	-0.493291
-1.00125	0.0744499	-0.516562
-0.866955	-0.00506175	-0.441899
-0.664782	-0.132571	-0.372084
-0.743809	-0.0666348	-0.474383
-0.857258	-0.0724527	-0.512199
-0.848532	-0.117542	-0.543713
-0.949376	-0.105906	-0.506381
-0.96489	-0.088452	-0.494745
-1.06913	0.0632989	-0.623709
-0.778232	-0.113663	-0.320207
-0.914468	0.0628141	-0.444323
-1.00562	0.0482693	-0.465171
-0.740415	-0.119481	-0.395356
-0.705508	-0.189781	-0.446747
-0.828169	-0.142268	-0.446747
-0.865985	-0.156328	-0.422506
-0.863076	-0.198993	-0.428809
-0.943558	-0.128208	-0.486018
-0.944043	-0.1093	-0.519956

-0.817987	-0.142753	-0.364812
-0.704053	-0.21984	-0.406991
-0.862592	-0.118511	-0.455959
-0.86647	-0.194629	-0.374993
-0.864046	-0.225658	-0.414264
-0.969738	-0.126269	-0.471474
-0.943073	-0.124814	-0.528198
-1.17143	-0.0467569	-0.541289
-0.855804	-0.102027	-0.386629
-0.823321	0.0705713	-0.531592
-1.01289	0.128266	-0.564076
-0.720052	-0.0816645	-0.394386
-0.629875	-0.175721	-0.436081
-0.820896	-0.0739072	-0.4802
-0.844168	-0.0991182	-0.464686
-0.872288	-0.116087	-0.513653
-0.933376	-0.0840886	-0.525774
-0.968284	-0.0326969	-0.541289
-1.16028	0.141841	-0.511229
-0.787443	-0.105906	-0.317783
-0.832047	-0.0152431	-0.440445
-0.931437	-0.00457692	-0.500078
-0.790837	-0.113178	-0.390992
-0.770474	-0.160691	-0.426385
-0.854834	-0.139359	-0.433657
-0.805382	-0.215477	-0.364327
-0.950345	-0.111724	-0.486503
-0.944527	-0.181539	-0.427839
-1.06234	-0.0782707	-0.598983
-1.04149	0.0191796	-0.573287
-0.739445	-0.102027	-0.442869
-0.870834	0.0356637	-0.572802
-0.854834	0.0448755	-0.500078
-0.68466	-0.0525748	-0.405537
-0.736536	-0.035121	-0.515593
-0.82429	-0.0118493	-0.49426
-0.863076	-0.0477265	-0.484079
-0.981859	0.0303306	-0.563106
-1.02986	0.0380879	-0.506866
-1.1244	0.0865706	-0.542743
-0.791807	-0.128208	-0.343479
-0.720052	-0.000213474	-0.425415
-0.959072	0.0337244	-0.408931
-0.878106	-0.0525748	-0.36869
-0.749142	-0.146146	-0.394386
-0.852895	-0.0971789	-0.433172
-0.86841	-0.0986334	-0.383235
-0.857743	-0.149055	-0.408931
-0.879076	-0.112693	-0.469049
-0.912529	-0.0928155	-0.465656
-0.967314	-0.0739072	-0.513653
-1.16706	0.0211189	-0.631951
-0.850956	-0.0797251	-0.395356
-0.820412	0.0395424	-0.539349
-0.974102	0.111297	-0.545167
-0.795685	0.0448755	-0.440929

-0.855804	-0.145662	-0.459838
-0.830108	-0.193175	-0.41184
-0.81023	-0.20772	-0.448202
-0.874712	-0.134026	-0.512684
-0.904287	-0.177175	-0.540804
-0.974587	-0.163115	-0.670737
-0.966345	-0.09427	-0.557288
-0.703083	-0.144692	-0.445778
-0.992525	0.0856009	-0.60771
-0.952769	0.0162707	-0.496685
-0.68369	-0.150025	-0.386629
-0.675448	-0.15051	-0.501048
-0.807806	-0.124329	-0.529653
-0.795685	-0.119481	-0.529653
-0.892651	-0.0593624	-0.569409
-0.902832	-0.116572	-0.478261
-1.02404	-0.00360727	-0.527714
-0.960042	0.0230582	-0.519471
-0.850956	-0.133541	-0.324086
-0.865985	-0.0734224	-0.522865
-0.827684	-0.0894217	-0.395356
-0.762717	-0.201417	-0.460322
-0.771929	-0.201417	-0.448202
-0.802473	-0.170388	-0.421536
-0.808291	-0.236809	-0.43996
-0.931922	-0.157298	-0.567469
-1.02355	-0.144207	-0.59268
-1.06476	-0.0423934	-0.633891
-0.720537	-0.158267	-0.410385
-0.809261	0.000756181	-0.58056
-1.00562	0.0991761	-0.562621
-0.796655	-0.0385148	-0.420082
-0.618239	-0.188326	-0.39778
-0.721507	-0.131117	-0.532077
-0.845138	-0.126753	-0.535471
-0.913498	-0.12336	-0.591226
-0.887318	-0.152449	-0.523835
-1.03519	-0.12239	-0.541289
-1.00465	-0.0186369	-0.49523
-0.632299	-0.159722	-0.321662
-0.901378	0.03227	-0.505896
-1.04925	0.0536024	-0.471474
-0.723931	-0.17766	-0.357054
-0.713265	-0.213537	-0.469049
-0.867925	-0.15148	-0.442384
-0.869379	-0.185417	-0.440929
-0.859683	-0.212083	-0.4802
-0.926104	-0.127238	-0.506866
-0.991556	-0.0840886	-0.568439
-1.05798	-0.0986334	-0.590741
-0.800049	-0.115602	-0.462747
-0.847077	-0.0375452	-0.556318
-1.00319	0.0569961	-0.616922
-0.785019	-0.0496659	-0.441899
-0.632299	-0.158267	-0.421536
-0.75593	-0.105421	-0.486503