-0.809745	-0.0845734	-0.587832
-0.806836	-0.0962093	-0.609164
-0.797625	-0.100088	-0.592195
-0.744294	-0.111724	-0.608195
-0.805382	-0.0671196	-0.593165
-0.723446	-0.154873	-0.493776
-0.908165	-0.121905	-0.582984
-0.883439	-0.126753	-0.528198
-0.676418	-0.200932	-0.515593
-0.78211	-0.170388	-0.57959
-0.821866	-0.173782	-0.539834
-0.78405	-0.185902	-0.513169
-0.831078	-0.177175	-0.541773
-0.869864	-0.159237	-0.557288
-0.996889	-0.0937851	-0.623709
-0.96489	-0.0336666	-0.589771
-0.884894	0.0739651	-0.556318
-0.692417	0.0599051	-0.592195
-0.720052	0.145235	-0.511229
-0.754475	0.174809	-0.483594
-0.772899	0.161719	-0.584438
-0.766596	0.197596	-0.525289
-0.743809	0.246564	-0.476807
-0.78405	0.268866	-0.449656
-0.788898	0.34062	-0.549531
-0.829138	0.312015	-0.404567
-0.779201	0.346923	-0.509775
-0.830108	0.427889	-0.459838
-0.877621	0.479765	-0.421536
-0.850956	0.463766	-0.438505
-0.833017	0.417223	-0.455474
-0.805382	0.341105	-0.426385
-0.900408	0.405587	-0.288694
-0.974102	0.50837	-0.300814
-0.795685	0.542308	-0.472928
-0.707932	0.632486	-0.348812
-0.693387	0.640243	-0.305663
-0.729749	0.599518	-0.292572
-0.641995	0.539884	-0.318753
-0.61339	0.60776	-0.343964
-0.55909	0.63491	-0.293057
-0.595937	0.696483	-0.351721
-0.553757	0.893808	-0.346388
-0.629875	0.90302	-0.21403
-0.595937	0.91708	-0.232939
-0.442731	0.885566	-0.267846
-0.440792	0.879263	-0.134519
-0.439337	0.94423	-0.204334
-0.550363	0.773086	0.00656613
-0.414611	0.970411	-0.0336745
-0.221165	0.991258	-0.209667
-0.107231	0.955866	-0.256695

-0.773383	0.00754376	-0.575711
-0.767081	-0.0326969	-0.548076
-0.848532	-0.00894036	-0.592195
-0.85241	-0.0360907	-0.629527
-0.807321	-0.118026	-0.515593
-0.737506	-0.125784	-0.550985
-0.819442	-0.121905	-0.524805
-0.803927	-0.113663	-0.497169
-0.809745	-0.102027	-0.562621
-0.865985	-0.0787555	-0.56553
-0.968769	0.0191796	-0.700312
-1.02501	0.0599051	-0.6368
-0.867925	0.0618444	-0.588317
-0.723931	0.117115	-0.460807
-0.720052	0.196626	-0.5505
-0.698235	0.222322	-0.552924
-0.720052	0.27129	-0.513653
-0.730719	0.293592	-0.509775
-0.720052	0.360013	-0.45208
-0.71278	0.381346	-0.452565
-0.728294	0.450191	-0.581529
-0.807321	0.387163	-0.454505
-0.844168	0.472008	-0.499593
-0.876167	0.534066	-0.46614
-0.730719	0.494795	-0.519956
-0.989131	0.500613	-0.394871
-0.698235	0.440979	-0.412809
-0.804897	0.458433	-0.463231
-0.83738	0.394436	-0.478261
-0.816533	0.539884	-0.469049
-0.709871	0.57964	-0.376447
-0.650237	0.688241	-0.289663
-0.607572	0.697938	-0.233908
-0.585755	0.711028	-0.195122
-0.567817	0.643637	-0.199485
-0.554241	0.772601	-0.375963
-0.532424	0.780843	-0.362387
-0.578483	0.855022	-0.35463
-0.544545	0.979622	-0.294027
-0.570726	0.921928	-0.234878
-0.445155	0.893808	-0.262998
-0.470851	0.978168	-0.114156
-0.407824	0.910292	-0.122398
-0.296313	0.938897	-0.198516
-0.229892	0.865203	-0.106883
-0.273042	0.926776	-0.0923386
-0.189167	0.985925	-0.192698
-0.23668	0.951987	-0.13161
-0.215347	0.948109	-0.126761
-0.186258	0.963138	-0.167487
-0.310858	0.974289	-0.13064
-0.344311	0.81672	-0.0302807
-0.257042	0.904959	-0.134519

-0.804412	-0.0312424	-0.623224
-0.784534	-0.012819	-0.60771
-0.786474	0.00899824	-0.603347
-0.799079	0.000756181	-0.586862
-0.806836	-0.00215278	-0.594135
-0.821381	0.00802859	-0.599953
-0.819442	-0.0171824	-0.616437
-0.803443	-0.0375452	-0.612073
-0.770474	-0.0477265	-0.617407
-0.744294	-0.0297879	-0.640678
-0.763202	-0.0322121	-0.581529
-0.721992	-0.0826341	-0.629042
-0.927558	-0.0530596	-0.619346
-0.851925	-0.100088	-0.563106
-0.664297	-0.168933	-0.565045
-0.766596	-0.167479	-0.589771
-0.784534	-0.166509	-0.567469
-0.791322	-0.147116	-0.559712
-0.795685	-0.148086	-0.59268
-0.873258	-0.12239	-0.646496
-1.00465	-0.0516052	-0.731341
-1.05507	0.0279065	-0.637769
-0.595452	-0.077301	-0.494745
-0.748657	0.0269369	-0.588802
-0.76805	0.0831768	-0.66298
-0.741385	0.107418	-0.615952
-0.729264	0.12972	-0.526744
-0.698235	0.148628	-0.521896
-0.717628	0.176748	-0.569893
-0.787928	0.270805	-0.617407
-0.822351	0.264502	-0.53644
-0.839805	0.21408	-0.490867
-0.808291	0.210686	-0.583469
-0.839805	0.237352	-0.532562
-0.823805	0.231049	-0.542743
-1.0284	0.229595	-0.449171
-0.785989	0.170931	-0.734735
-0.828654	0.25723	-0.499593
-0.779686	0.255775	-0.59365
-0.850956	0.152507	-0.502018
-0.8112	0.167537	-0.566015
-0.827199	0.191293	-0.529168
-0.83835	0.350801	-0.546137
-0.805867	0.346438	-0.440445
-0.729749	0.351771	-0.380811
-0.673024	0.444858	-0.422991
-0.633268	0.468614	-0.43996
-0.637147	0.473463	-0.452565
-0.555696	0.499643	-0.604316
-0.521758	0.52243	-0.572802
-0.633268	0.741087	-0.587347
-0.548424	0.8589	-0.516078
-0.617754	1.02859	-0.373538
-0.612421	1.02083	-0.138397
-0.336069	0.763389	-0.114156
-0.296798	0.916595	-0.0724607
-0.305525	0.966047	-0.0045849
-0.331221	0.95829	0.229102

-0.782595	-0.0225155	-0.599953
-0.79811	-0.0438479	-0.598498
-0.79617	-0.0336666	-0.603831
-0.787928	-0.0360907	-0.614013
-0.799564	-0.0234852	-0.615952
-0.785989	-0.02397	-0.605771
-0.795685	-0.0147583	-0.610134
-0.785989	-0.0297879	-0.610619
-0.791322	-0.0322121	-0.611104
-0.794231	-0.0375452	-0.633406
-0.773868	-0.0404541	-0.63486
-0.760293	-0.0593624	-0.629527
-0.75496	-0.0671196	-0.619346
-0.735567	-0.103967	-0.571348
-0.871318	-0.0845734	-0.631951
-0.884894	-0.136935	-0.609649
-0.735567	-0.200932	-0.557773
-0.746718	-0.160691	-0.602862
-0.773383	-0.135965	-0.587832
-0.773868	-0.140813	-0.56456
-0.762717	-0.155843	-0.568924
-0.845623	-0.129662	-0.630012
-0.877136	-0.134995	-0.665889
-0.946467	-0.114148	-0.694979
-0.758839	-0.134995	-0.55244
-0.732173	-0.0535445	-0.638254
-0.83835	-0.0142735	-0.66298
-0.701629	-0.0375452	-0.626618
-0.668661	0.0138465	-0.502502
-0.727325	0.0841465	-0.573287
-0.705508	0.0778437	-0.599953
-0.764172	0.176264	-0.559227
-0.822836	0.287774	-0.576681
-0.801988	0.195657	-0.523835
-0.86647	0.252866	-0.507836
-0.881015	0.292137	-0.529168
-0.864046	0.305713	-0.52432
-0.836896	0.298925	-0.657647
-0.827684	0.233958	-0.552924
-0.783565	0.280017	-0.560682
-0.861137	0.2422	-0.48117
-0.819927	0.2422	-0.534016
-0.823805	0.240746	-0.510745
-0.835926	0.258684	-0.533531
-0.791322	0.410435	-0.457414
-0.729264	0.411405	-0.36772
-0.721022	0.433707	-0.372084
-0.673994	0.458918	-0.477776
-0.705992	0.487038	-0.566984
-0.576544	0.426919	-0.598013
-0.514001	0.518067	-0.632436
-0.507213	0.527763	-0.530138
-0.491699	0.722179	-0.599468
-0.466003	1.1464	-0.446263
-0.654601	1.16483	-0.250877
-0.412672	0.794903	-0.161669
-0.272072	0.823023	-0.0598552
-0.348675	1.03635	-0.0569462
-0.48879	0.932594	0.336249
-0.216802	1.01841	-0.127731
-0.0936556	0.999015	-0.221788
-0.129048	0.932109	-0.142276
-0.158138	0.960229	-0.169426

-0.801018	0.0696016	-0.555833
-0.820412	0.0768741	-0.561167
-0.801988	0.054572	-0.575711
-0.832047	0.0696016	-0.586378
-0.822351	0.0589354	-0.559227
-0.807321	0.0647534	-0.564076
-0.806836	0.0506934	-0.566015
-0.828169	0.0502086	-0.578136
-0.789383	0.0279065	-0.569893
-0.772414	0.0443906	-0.602377
-0.785989	0.0589354	-0.585893
-0.78405	0.0506934	-0.57862
-0.740415	0.026452	-0.546137
-0.875682	0.0603899	-0.601407
-0.85241	0.0162707	-0.544198
-0.780171	-0.0254245	-0.556803
-0.766111	-0.00506175	-0.581529
-0.781141	0.00511963	-0.517047
-0.821866	0.00318032	-0.540319
-0.787443	0.0361486	-0.541289
-0.835441	0.0506934	-0.588317
-0.859683	0.185475	-0.67898
-0.879561	0.301349	-0.624194
-0.78405	0.330439	-0.496685
-0.599815	0.39783	-0.646496
-0.640541	0.420132	-0.46711
-0.619693	0.477341	-0.532077
-0.55812	0.406072	-0.443838
-0.451943	0.472978	-0.374508
-0.541636	0.540854	-0.388083
-0.47473	0.452615	-0.264937
-0.555696	0.593215	-0.248938
-0.636662	0.743027	-0.404567
-0.664782	0.688726	-0.328934
-0.667691	0.709089	-0.335722
-0.661388	0.754663	-0.375963
-0.708416	0.84581	-0.398749
-0.756414	0.90108	-0.448687
-0.769505	0.800236	-0.426869
-0.722476	0.721209	-0.38275
-0.664297	0.623759	-0.400689
-0.665267	0.647516	-0.446263
-0.642965	0.702301	-0.398265
-0.641026	0.680969	-0.348327
-0.563938	0.651394	-0.43899
-0.705992	0.753693	-0.427839
-0.625511	0.905929	-0.403113
-0.637147	1.13622	-0.263483
-0.524667	1.25113	-0.115126
-0.318615	1.41306	-0.0540373
-0.468912	1.27537	0.0240199
-0.324433	1.17064	-0.115126
-0.322979	0.98544	-0.125792
-0.258982	0.945684	-0.0516131
-0.254618	0.741572	-0.0559766
-0.126624	0.60873	-0.0438559
-0.102382	0.637334	-0.00361524
-0.0534149	0.66303	-0.224696
-0.386491	0.570913	0.0681392
-0.380188	1.02762	0.255283

-0.786474	0.211171	-0.549531
-0.801018	0.222322	-0.548076
-0.807806	0.219413	-0.567469
-0.793261	0.212141	-0.546137
-0.788413	0.208747	-0.55244
-0.785989	0.22814	-0.533531
-0.793746	0.24317	-0.523835
-0.804412	0.232504	-0.531592
-0.815563	0.209232	-0.542743
-0.849016	0.184991	-0.515108
-0.770474	0.174324	-0.506381
-0.750596	0.199535	-0.457414
-0.673024	0.260624	-0.53741
-0.842229	0.307652	-0.483109
-0.827684	0.257715	-0.424445
-0.718113	0.202929	-0.469534
-0.787928	0.277593	-0.421051
-0.801018	0.25529	-0.471958
-0.736052	0.38183	-0.451596
-0.707447	0.389103	-0.461292
-0.602724	0.485099	-0.380811
-0.476184	0.58061	-0.351236
-0.491214	0.753693	-0.396325
-0.484911	0.615032	-0.446263
-0.464064	0.8046	-0.352691
-0.574119	0.895262	-0.390023
-0.655085	0.97235	-0.355115
-0.639086	1.00532	-0.415718
-0.672054	0.954896	-0.363357
-0.677388	0.831265	-0.387598
-0.651207	0.780843	-0.388083
-0.652661	0.70521	-0.361903
-0.633753	0.67806	-0.372569
-0.624057	0.686302	-0.365781
-0.600785	0.769692	-0.330389
-0.652177	0.72024	-0.394386
-0.665752	0.933079	-0.322632
-0.621148	1.06495	-0.25815
-0.455822	1.13234	-0.125792
-0.408308	1.19537	-0.141791
-0.421884	1.16386	-0.15876
-0.404915	1.05768	-0.103005
-0.402491	1.0601	-0.135488
-0.352068	0.927746	-0.0860359
-0.281769	0.83272	-0.0167056
-0.284678	0.84678	0.00317234
-0.229407	0.803145	0.0177172
-0.257042	0.807509	0.0584426
-0.210984	0.751754	0.0914109
-0.142623	0.809448	0.0303227
-0.0883225	0.837568	-0.0341594
-0.0713535	0.805085	0.117592
-0.0999583	0.882657	0.0880171
-0.0621418	0.83078	0.0400192
-0.098019	1.05283	-0.125307
-0.0786259	1.0252	-0.10349
-0.12323	1.03101	-0.194152
-0.122745	1.09404	-0.356569
-0.211469	0.81769	-0.177668

-0.765626	0.323166	-0.548561
-0.785019	0.312985	-0.536925
-0.768535	0.319772	-0.55147
-0.762717	0.32559	-0.556803
-0.750596	0.312015	-0.547107
-0.756414	0.324136	-0.548076
-0.757869	0.336257	-0.548561
-0.744294	0.323651	-0.542743
-0.773383	0.334802	-0.571833
-0.754475	0.329469	-0.566984
-0.748657	0.325106	-0.540804
-0.750112	0.320742	-0.534016
-0.771444	0.365346	-0.48214
-0.68369	0.273714	-0.35463
-0.687084	0.387648	-0.491836
-0.874712	0.374073	-0.424445
-0.729749	0.336257	-0.448202
-0.679327	0.332378	-0.485049
-0.75496	0.361952	-0.46711
-0.693387	0.331408	-0.402143
-0.720052	0.406072	-0.362872
-0.556181	0.409466	-0.350267
-0.407824	0.554429	-0.386144
-0.507213	0.784237	-0.345418
-0.538242	0.811387	-0.302754
-0.447579	0.936958	-0.416203
-0.454367	0.850658	-0.318753
-0.534848	1.00144	-0.320207
-0.525637	0.936473	-0.319238
-0.537757	0.884111	-0.350752
-0.560059	0.931625	-0.336692
-0.496547	0.890899	-0.317783
-0.540666	0.892838	-0.32748
-0.565392	0.850174	-0.263967
-0.57218	0.709089	-0.192213
-0.6003	0.883627	-0.369175
-0.608542	0.805569	-0.391477
-0.540181	0.798782	-0.370629
-0.592058	0.896232	-0.20191
-0.475215	1.02811	-0.289663
-0.482972	1.09356	-0.155851
-0.531455	1.10277	-0.0133118
-0.412187	1.13913	0.00317234
-0.354493	1.10374	0.0312923
-0.26383	1.07756	-0.0336745
-0.336554	0.947139	0.0230503
-0.338493	0.882657	-0.00167593
-0.2648	0.740603	0.0395344
-0.19353	0.737209	-0.0487042
-0.103352	0.818175	0.026444
-0.111109	0.771631	0.0589275
-0.158622	0.76242	0.0865626
-0.105776	0.807024	-0.0278566
-0.255103	0.870536	0.0492309
-0.146017	0.822054	-0.0225235
-0.125169	1.0538	-0.201425
-0.156198	1.11634	-0.310026
-0.242498	0.951502	-0.191728
-0.27692	0.817205	-0.126761
-0.233771	0.869567	-0.203849
-0.26383	0.935018	-0.227121
-0.300192	0.988349	-0.219363

-0.818957	0.0729954	-0.573287
-0.812169	0.0720258	-0.565045
-0.820412	0.0754196	-0.58056
-0.807321	0.0773589	-0.569409
-0.817503	0.0817223	-0.573772
-0.806352	0.0681472	-0.566015
-0.820896	0.0768741	-0.550985
-0.82526	0.0429362	-0.531592
-0.887803	0.00560445	-0.550985
-0.840289	-0.0579079	-0.566984
-0.786959	-0.128208	-0.533531
-0.79617	-0.102512	-0.556803
-0.770474	-0.113178	-0.518502
-0.775323	-0.127238	-0.526259
-0.809261	-0.0482114	-0.544682
-0.79714	-0.00700106	-0.528198
-0.848532	0.236382	-0.629527
-0.897984	0.363892	-0.650375
-0.765626	0.238806	-0.541773
-0.707447	0.417708	-0.541289
-0.677388	0.43807	-0.495715
-0.685145	0.45407	-0.495715
-0.75496	0.458918	-0.459353
-0.772899	0.550065	-0.469534
-0.777747	0.642667	-0.472443
-0.755445	0.561701	-0.415718
-0.764172	0.504492	-0.457414
-1.00222	0.55249	-0.62177
-0.749627	0.464251	-0.548076
-0.734112	0.401708	-0.405052
-0.872288	0.562671	-0.34154
-0.744779	0.507885	-0.440929
-0.795685	0.453585	-0.430748
-0.825745	0.465706	-0.416688
-0.874712	0.611154	-0.320207
-0.813624	0.618911	-0.203849
-0.658964	0.710058	-0.0467649
-0.637147	0.686302	-0.105429
-0.545999	0.698907	-0.0171904
-0.525637	0.736724	-0.0744
-0.525637	0.765329	0.0133537
-0.436913	0.936473	-0.0642186
-0.51594	0.892353	-0.0302807
-0.565877	0.854052	0.0148082
-0.528061	1.00726	-0.0865207
-0.45873	0.960229	-0.108823
-0.421399	0.95732	-0.139852
-0.404915	0.911746	-0.13064
-0.378249	0.927261	-0.164578
-0.320555	0.840962	-0.163608
-0.280799	0.903505	-0.17282
-0.274981	0.913686	-0.168941
-0.295829	1.1561	0.0468068
-0.224074	0.992228	0.00559648
-0.267709	0.893808	-0.106399
-0.19353	0.919019	-0.0676124
-0.158622	1.03683	-0.213061
-0.25074	0.933564	-0.183001

-0.795685	0.0167555	-0.598013
-0.796655	0.00705893	-0.600922
-0.79811	0.00754376	-0.613043
-0.791322	0.00124101	-0.597529
-0.78211	-0.00845554	-0.618861
-0.804412	-0.00942519	-0.62274
-0.78308	-0.0259093	-0.624194
-0.76999	-0.0317272	-0.639709
-0.781141	-0.03803	-0.659102
-0.770959	-0.0419086	-0.639224
-0.788898	-0.02397	-0.596074
-0.752051	-0.0603321	-0.487473
-0.851925	-0.0928155	-0.60771
-0.891196	-0.119481	-0.581529
-0.717628	-0.224204	-0.527229
-0.753505	-0.175236	-0.580075
-0.817018	-0.185902	-0.520441
-0.812654	-0.244566	-0.500078
-0.806836	-0.197538	-0.564076
-0.901378	-0.0191217	-0.67898
-0.865501	0.0763892	-0.616437
-0.862592	0.162204	-0.418627
-0.736536	0.207293	-0.55244
-0.794716	0.286319	-0.624679
-0.771444	0.376497	-0.571348
-0.759323	0.392497	-0.408446
-0.740415	0.453585	-0.406022
-0.767081	0.401223	-0.403598
-0.801988	0.447282	-0.470019
-0.847562	0.476857	-0.456444
-0.875682	0.482674	-0.36772
-0.821381	0.4531	-0.406991
-0.842714	0.460372	-0.352691
-1.02452	0.607275	-0.174759
-0.897014	0.467645	-0.540804
-0.736536	0.456979	-0.354145
-0.801018	0.467645	-0.380326
-0.849986	0.41189	-0.412325
-0.849016	0.548126	-0.338631
-0.758354	0.63588	-0.204819
-0.691448	0.722179	-0.1447
-0.711325	0.616002	-0.0865207
-0.692417	0.739148	-0.0870055
-0.672054	0.77454	-0.0104028
-0.529515	0.810902	-0.170396
-0.50285	0.730906	-0.0360987
-0.47279	0.890899	-0.10155
-0.45873	0.860355	-0.0448256
-0.548908	0.940836	-0.115126
-0.466488	0.836598	-0.152457
-0.491214	0.9452	-0.246514
-0.396673	0.907383	-0.310511
-0.370492	0.956351	-0.313905
-0.580907	0.795873	0.0628061
-0.530485	0.877809	0.183043
-0.288556	0.891869	-0.0714911
-0.118382	1.04895	-0.277058
-0.126624	1.04168	-0.376932

-0.816048	-0.154389	-0.5505
-0.817503	-0.158267	-0.55244
-0.828654	-0.156813	-0.558258
-0.822836	-0.157782	-0.558742
-0.822836	-0.155843	-0.559227
-0.817503	-0.153419	-0.551955
-0.817503	-0.145662	-0.550985
-0.829138	-0.14954	-0.545652
-0.821866	-0.152934	-0.553894
-0.809261	-0.159722	-0.554379
-0.803443	-0.154389	-0.560197
-0.815078	-0.170388	-0.560682
-0.748657	-0.181054	-0.540319
-0.795685	-0.187842	-0.518987
-0.829623	-0.256687	-0.506866
-0.994949	-0.287231	-0.498624
-0.799564	-0.323593	-0.494745
-0.773383	-0.339108	-0.494745
-0.79714	-0.288201	-0.462747
-0.786959	-0.256687	-0.446747
-0.776292	-0.199962	-0.414749
-0.798594	-0.143722	-0.468565
-0.819442	-0.0598472	-0.562136
-0.896529	0.112751	-0.478261
-0.829623	0.0977216	-0.443838
-0.832532	0.273714	-0.610134
-0.780656	0.306197	-0.513169
-0.751566	0.387648	-0.469049
-0.794716	0.484129	-0.434627
-0.832047	0.430313	-0.399234
-0.805867	0.419647	-0.426385
-0.789867	0.488492	-0.441414
-0.789383	0.519521	-0.444808
-0.856774	0.654303	-0.400689
-0.785019	0.515643	-0.357054
-0.790352	0.448737	-0.419112
-0.873743	0.442919	-0.505896
-0.923195	0.482674	-0.272694
-0.76999	0.432252	-0.41087
-0.878106	0.504007	-0.331358
-0.935316	0.671272	-0.31342
-0.828654	0.615517	-0.246514
-0.715689	0.588852	-0.132579
-0.630844	0.646546	-0.0850662
-0.58527	0.637819	-0.06034
-0.560059	0.754178	-0.160214
-0.570241	0.775995	-0.0656731
-0.592058	0.757572	-0.0540373
-0.477639	0.944715	-0.265422
-0.481033	0.831265	-0.235363
-0.577513	0.953927	-0.241181
-0.542121	0.954896	-0.303238
-0.545515	0.878778	-0.262513
-0.535818	0.81672	-0.24409
-0.415581	1.01259	-0.317783
-0.506244	0.829326	0.104986
-0.338978	1.06592	0.28922

-0.802958	0.0962671	-0.612558
-0.785504	0.0851161	-0.616922
-0.797625	0.0783285	-0.604316
-0.798594	0.0744499	-0.603831
-0.776777	0.0788134	-0.604801
-0.753021	0.0875403	-0.603831
-0.743809	0.0773589	-0.58056
-0.727325	0.0880251	-0.574257
-0.734597	0.134084	-0.636315
-0.680297	0.0943278	-0.529653
-0.909135	0.136508	-0.487473
-0.818472	0.096752	-0.583469
-0.770474	0.0681472	-0.489412
-0.714719	0.114691	-0.502502
-0.813139	0.212626	-0.440929
-0.730719	0.256745	-0.426385
-0.675448	0.360498	-0.470989
-0.677872	0.525339	-0.435596
-0.644904	0.528733	-0.362872
-0.572665	0.639274	-0.432687
-0.52903	0.62182	-0.3556
-0.481033	0.695998	-0.342509
-0.576544	0.834659	-0.348327
-0.659449	0.820114	-0.3556
-0.605148	0.810418	-0.316814
-0.627935	0.931625	-0.437536
-0.748657	0.888475	-0.309056
-0.636177	0.891869	-0.331358
-0.65654	0.848234	-0.311481
-0.706962	0.70521	-0.512199
-0.624541	0.796358	-0.372569
-0.830593	0.753208	-0.274149
-0.788413	0.763874	-0.399719
-0.68563	0.796842	-0.251362
-0.78211	0.953442	-0.234878
-0.643934	0.895262	-0.166517
-0.622602	0.939382	-0.0525828
-0.473275	0.9452	-0.0433711
-0.351584	0.908838	-0.0874904
-0.30601	0.895747	-0.0685821
-0.273526	0.927746	-0.104459
-0.26383	0.839507	-0.0952476
-0.282253	0.843386	-0.119004
-0.256557	0.802176	-0.151003
-0.33413	0.794418	-0.144215
-0.365644	0.857446	-0.193183
-0.41849	0.888475	-0.201425
-0.517879	0.879748	-0.185425
-0.539212	0.875869	-0.164578
-0.498486	0.848234	-0.134034
-0.457276	0.750299	-0.15973
-0.48879	0.882172	-0.0312504
-0.466488	0.913686	-0.0617945
-0.336554	0.984471	-0.104459

-0.845623	0.212141	-0.526259
-0.809261	0.182082	-0.502018
-0.819927	0.178688	-0.496685
-0.842229	0.168022	-0.526744
-0.838835	0.151537	-0.521896
-0.839805	0.148628	-0.518017
-0.850956	0.159295	-0.519471
-0.834472	0.172385	-0.493291
-0.833987	0.152022	-0.504442
-0.86744	0.13166	-0.529168
-0.837865	0.0540872	-0.535471
-0.754475	0.00608928	-0.449171
-0.835441	0.0288762	-0.600438
-1.02307	0.0269369	-0.506866
-0.850956	0.0119072	-0.435111
-0.759808	-0.035121	-0.470504
-0.74187	-0.0244548	-0.473413
-0.776777	0.0506934	-0.464201
-0.722961	0.0288762	-0.464686
-0.706962	0.138932	-0.388083
-0.667206	0.336257	-0.454505
-0.603694	0.377467	-0.432687
-0.676903	0.573822	-0.486503
-0.542606	0.389103	-0.331843
-0.536788	0.610184	-0.490382
-0.649268	0.551035	-0.373054
-0.712295	0.784722	-0.398749
-0.679327	0.81672	-0.407476
-0.680781	0.808963	-0.443838
-0.704538	0.79054	-0.332328
-0.672539	0.811387	-0.387598
-0.650237	0.812842	-0.41087
-0.677388	0.786176	-0.349297
-0.66963	0.768723	-0.322147
-0.672054	0.679514	-0.445293
-0.618239	0.684363	-0.334752
-0.876167	0.827871	-0.384205
-0.681266	0.836598	-0.378387
-0.774353	0.91708	-0.234393
-0.72684	1.02277	-0.233423
-0.659449	0.921928	-0.209667
-0.692417	0.899141	-0.100096
-0.6003	0.84678	-0.0850662
-0.485881	0.829326	-0.120943
-0.393279	0.851143	-0.120459
-0.357402	0.808478	-0.142276
-0.400066	0.782298	-0.0230083
-0.312313	0.764359	0.127288
-0.268193	0.796842	0.0458371
-0.27692	0.824962	-0.0220387
-0.296313	0.850658	-0.104459
-0.375825	0.904959	-0.22906
-0.530485	0.836598	-0.124822
-0.370977	0.791509	-0.249907
-0.349644	0.899626	-0.231969
-0.369522	0.992713	-0.275603
-0.195469	0.905929	-0.293542
-0.120321	0.850658	-0.285785
-0.172682	0.998531	-0.169911

-0.869864	0.0201493	-0.55244
-0.849016	0.0313003	-0.525774
-0.83835	0.043421	-0.551955
-0.822836	0.0482693	-0.545652
-0.829623	0.0453603	-0.53838
-0.83932	0.0424513	-0.540804
-0.836896	0.0351789	-0.539349
-0.83835	0.0346941	-0.525289
-0.845623	0.0409968	-0.542743
-0.83738	0.0371182	-0.523835
-0.842229	0.0313003	-0.519471
-0.833987	-0.00215278	-0.545167
-0.879561	-0.0288183	-0.504442
-0.719083	-0.132086	-0.471474
-0.797625	-0.130632	-0.476322
-0.797625	-0.0191217	-0.706615
-0.832047	-0.0365755	-0.583953
-0.785989	0.0191796	-0.464201
-0.691932	0.068632	-0.545652
-0.676418	0.0943278	-0.584438
-0.679812	0.248018	-0.442384
-0.624541	0.248503	-0.449171
-0.555211	0.363407	-0.338631
-0.636662	0.463281	-0.39778
-0.717143	0.567034	-0.289178
-0.635208	0.766783	-0.483594
-0.674479	0.643152	-0.261058
-0.625511	0.771147	-0.239241
-0.604663	0.801206	-0.297421
-0.603694	0.932594	-0.375963
-0.651692	0.932594	-0.310511
-0.641995	0.872476	-0.305178
-0.633753	0.86084	-0.346873
-0.658479	0.80266	-0.32748
-0.654116	0.724118	-0.479716
-0.695326	0.824478	-0.48117
-0.671085	0.780358	-0.284815
-0.6706	0.797327	-0.402628
-0.696781	0.861809	-0.293057
-0.75593	1.00144	-0.228575
-0.638117	1.01986	-0.136458
-0.547454	1.05138	0.0312923
-0.407824	1.0441	-0.0200994
-0.408793	1.00338	-0.135973
-0.478608	0.917564	-0.0346442
-0.478608	0.871021	-0.0511283
-0.346251	0.69115	-0.0831269
-0.256557	0.641213	-0.141791
-0.251709	0.688726	-0.183971
-0.305525	0.659636	-0.137912
-0.344311	0.691635	-0.159245
-0.442731	0.806054	-0.196576
-0.503819	0.872476	-0.18785
-0.548908	1.15852	-0.288209
-0.448064	0.80363	-0.204819
-0.345281	0.748845	-0.176699
-0.245406	0.896717	-0.240696
-0.109655	0.973804	-0.326025

-0.784534	0.0317851	-0.610619
-0.771444	0.0201493	-0.604316
-0.767081	0.0230582	-0.600922
-0.780171	0.0254824	-0.628073
-0.789383	0.0259672	-0.613528
-0.799079	0.0317851	-0.600438
-0.795685	0.0249975	-0.619346
-0.791807	0.0240279	-0.616437
-0.798594	0.0249975	-0.614982
-0.78405	0.0269369	-0.613043
-0.786959	0.0225734	-0.618376
-0.793261	0.0235431	-0.59268
-0.801988	0.0409968	-0.550016
-0.857743	0.0831768	-0.628558
-0.650722	-0.00554657	-0.467595
-0.774353	0.0249975	-0.404567
-0.561514	0.102085	-0.890364
-0.724416	0.11566	-0.591226
-0.761747	0.170446	-0.62177
-0.779686	0.125842	-0.602862
-0.771929	0.224262	-0.613043
-0.761747	0.34062	-0.513653
-0.733143	0.32559	-0.559712
-0.696781	0.378921	-0.462262
-0.659934	0.504976	-0.406022
-0.628905	0.441464	-0.265907
-0.606118	0.599518	-0.180092
-0.58527	0.746905	-0.197546
-0.576544	0.800236	-0.153427
-0.585755	0.918534	-0.248938
-0.546969	0.791025	-0.198516
-0.596421	0.765814	-0.268816
-0.62842	0.831265	-0.262513
-0.698235	0.876354	-0.310996
-0.660903	0.909807	-0.207243
-0.746718	0.736239	-0.426385
-0.577998	0.823993	-0.257665
-0.856289	0.516128	-0.583953
-0.65751	0.788116	-0.472928
-0.801988	0.740603	-0.309056
-0.690478	0.933564	-0.254271
-0.620178	1.00532	-0.176214
-0.53097	1.1081	-0.021069
-0.47376	1.02229	-0.0278566
-0.435459	0.926291	-0.0162208
-0.423823	0.910292	0.0114144
-0.358371	0.807993	-0.0579159
-0.301646	0.742542	-0.0472497
-0.282738	0.769692	-0.0554918
-0.309404	0.798782	-0.0695517
-0.302131	0.735754	-0.0918538
-0.366613	0.794903	-0.0559766
-0.369522	0.911262	-0.156336
-0.261406	0.804115	-0.236817
-0.351584	0.795873	-0.183971
-0.298253	0.937442	-0.203364
-0.333645	0.965562	-0.175729
-0.254618	0.912231	-0.183486
-0.152804	0.94423	-0.20191
-0.111594	0.940351	-0.232939
-0.155713	1.06059	-0.279967

-0.826229	0.147659	-0.539834
-0.830593	0.165113	-0.5505
-0.802473	0.166567	-0.530622
-0.814594	0.158325	-0.531592
-0.822351	0.181597	-0.529168
-0.82526	0.180142	-0.521896
-0.838835	0.167537	-0.52238
-0.836411	0.152507	-0.515593
-0.835441	0.14572	-0.522865
-0.823805	0.138932	-0.545652
-0.826229	0.123417	-0.562136
-0.775807	0.0739651	-0.533531
-0.790352	0.108873	-0.614498
-0.776777	0.065723	-0.483594
-0.848532	0.0647534	-0.572802
-0.943558	0.0506934	-0.505411
-0.777262	0.00657411	-0.469534
-0.696781	0.0346941	-0.517047
-0.734597	0.0477844	-0.445778
-0.720052	0.111297	-0.431718
-0.730719	0.129235	-0.415718
-0.742354	0.272259	-0.407476
-0.807806	0.459888	-0.457898
-0.777747	0.376497	-0.295481
-0.708901	0.611638	-0.504927
-0.665752	0.487523	-0.308572
-0.727325	0.711998	-0.310511
-0.652661	0.655758	-0.300814
-0.663812	0.672727	-0.224696
-0.62842	0.852113	-0.279967
-0.724901	0.813811	-0.29936
-0.813139	0.749329	-0.332813
-0.805867	0.745936	-0.336207
-0.807321	0.742057	-0.27221
-0.735082	0.707149	-0.237787
-0.637147	0.779874	-0.249907
-0.684175	0.786176	-0.208697
-0.911559	0.632971	-0.457414
-0.661873	0.846295	-0.179608
-0.616299	1.05768	-0.0608249
-0.609027	1.06204	0.103047
-0.488305	1.09404	0.0783206
-0.379219	1.07998	0.12147
-0.34722	1.05526	-0.00506972
-0.281284	0.960714	-0.023978
-0.324433	0.909807	-0.0394925
-0.262375	0.807509	-0.103005
-0.302131	0.730906	-0.0574311
-0.370007	0.750299	-0.0807028
-0.477639	0.801691	-0.210152
-0.457761	0.682423	-0.195122
-0.506244	0.67709	-0.169426
-0.445155	0.819629	-0.226151
-0.652177	0.910777	0.298432
-0.322979	1.00871	0.122925
-0.0781411	0.946169	-0.0894297
-0.0582632	1.0601	-0.221788
-0.00735632	1.04895	-0.369175
-0.125169	0.939867	-0.28627

-0.815078	-0.0404541	-0.56553
-0.819442	-0.0322121	-0.567954
-0.82429	-0.0462721	-0.559712
-0.831563	-0.0516052	-0.56456
-0.829138	-0.049181	-0.575227
-0.828169	-0.049181	-0.560682
-0.822836	-0.0433631	-0.557288
-0.826714	-0.0443328	-0.559227
-0.818472	-0.0365755	-0.558742
-0.822351	-0.0389997	-0.577651
-0.801988	-0.0637258	-0.572802
-0.787443	-0.0918458	-0.59462
-0.786474	-0.111724	-0.57959
-0.768535	-0.105906	-0.612558
-0.760293	-0.145177	-0.564076
-0.900408	-0.0821493	-0.553894
-0.833502	-0.0962093	-0.505411
-0.715689	-0.115118	-0.529168
-0.722961	-0.0753617	-0.458868
-0.678842	-0.0322121	-0.484079
-0.701629	0.0191796	-0.52432
-0.663328	0.0691168	-0.400689
-0.706962	0.34159	-0.49426
-0.654116	0.342559	-0.501048
-0.621148	0.45407	-0.395356
-0.646359	0.616002	-0.322632
-0.618724	0.624244	-0.469534
-0.68563	0.63588	-0.448687
-0.734597	0.782298	-0.342025
-0.704538	0.747875	-0.406991
-0.715689	0.745451	-0.406991
-0.728294	0.879263	-0.452565
-0.766596	0.774056	-0.351236
-0.742354	0.808478	-0.375478
-0.736536	0.700362	-0.416688
-0.686599	0.60776	-0.338146
-0.628905	0.706665	-0.302754
-0.652661	0.771631	-0.276573
-0.746233	0.824478	-0.296451
-0.700659	0.895262	-0.147124
-0.660903	1.1241	-0.0457952
-0.371946	1.15561	0.0288682
-0.479578	1.11731	0.0841385
-0.39037	1.10131	-0.0249476
-0.366128	1.00047	-0.0186449
-0.317646	0.886051	-0.192213
-0.272557	0.701332	-0.183001
-0.288071	0.709089	-0.223727
-0.324918	0.717816	-0.250392
-0.429641	0.698423	-0.203364
-0.477154	0.722179	-0.174274
-0.771444	0.371164	-0.250877
-0.840289	1.01986	0.642659
-0.184803	1.02277	-0.302269
0.0847609	0.964593	-0.492806
0.121123	0.905929	-0.429778
-0.0345066	0.936473	-0.404567
-0.203227	1.03829	-0.259604
-0.165895	0.850174	-0.210636

-0.742839	0.156871	-0.520926
-0.823805	0.190808	-0.512199
-0.864531	0.143295	-0.478261
-0.848532	0.123417	-0.486503
-0.825745	0.110812	-0.506866
-0.855804	0.107418	-0.546137
-0.870834	0.100146	-0.535471
-0.854834	0.130205	-0.527229
-0.815563	0.137962	-0.535956
-0.815563	0.136993	-0.548076
-0.807321	0.14378	-0.530138
-0.83932	0.147174	-0.519956
-0.83835	0.128751	-0.518502
-0.83835	0.129235	-0.52335
-0.842714	0.134084	-0.522865
-0.848532	0.138447	-0.530622
-0.850471	0.138932	-0.527229
-0.812654	0.0768741	-0.472443
-0.726355	0.0327548	-0.498139
-0.884409	0.0962671	-0.574257
-0.909135	0.065723	-0.43802
-0.720537	0.0317851	-0.479231
-0.687569	0.109357	-0.526744
-0.728779	0.168506	-0.416203
-0.639086	0.206808	-0.48117
-0.641026	0.202929	-0.545167
-0.679812	0.435161	-0.212576
-0.631329	0.537945	-0.444808
-0.644419	0.572367	-0.405052
-0.571695	0.670303	-0.483109
-0.57315	0.651879	-0.391962
-0.535333	0.74642	-0.342509
-0.65751	0.898171	-0.4259
-0.634238	0.737694	-0.284815
-0.658479	0.934533	-0.366751
-0.630359	0.815751	-0.385659
-0.68466	0.849204	-0.29839
-0.650722	0.826417	-0.330874
-0.672539	0.844356	-0.281906
-0.630359	0.792964	-0.239241
-0.599815	0.83078	-0.412809
-0.57218	0.824962	-0.307602
-0.79811	0.637334	-0.514623
-0.676418	0.837568	-0.296451
-0.634238	1.02568	-0.145185
-0.573635	1.07465	0.0157778
-0.520304	1.07319	0.0215958
-0.492184	1.07513	0.0729875
-0.492668	1.07901	0.0666847
-0.391824	0.919989	-0.038038
-0.353038	0.880718	-0.179608
-0.331221	0.658182	-0.147124
-0.452913	0.600003	-0.110277
-0.494608	0.707634	-0.11658
-0.441277	0.675151	-0.145185
-0.457761	0.589336	-0.121428
-0.379704	0.573822	-0.136458
-0.502365	0.929685	-0.0695517
-0.280799	0.78957	-0.118519
-0.515455	1.16531	0.154438
-0.217287	0.989319	-0.205788
-0.0548694	0.961684	-0.425415
-0.0563239	0.859385	-0.310511
-0.169289	0.928231	-0.19997
-0.189651	0.950533	-0.225181
-0.242982	1.02859	-0.215485
-0.269648	1.08386	-0.135488

-0.818472	0.026452	-0.560197
-0.82429	0.0332396	-0.562621
-0.808291	0.0346941	-0.548561
-0.814594	0.0409968	-0.56456
-0.834472	0.0443906	-0.547107
-0.828169	0.0463299	-0.529168
-0.83932	0.043421	-0.543228
-0.825745	0.0351789	-0.544682
-0.835926	0.012392	-0.546137
-0.858228	-0.0307576	-0.555349
-0.830593	-0.0860279	-0.501048
-0.738476	-0.170388	-0.458868
-0.848047	-0.0700286	-0.526744
-0.832047	-0.0186369	-0.551955
-0.749142	-0.0414238	-0.45402
-0.780656	0.114206	-0.485049
-0.676903	0.122933	-0.541289
-0.621148	0.125842	-0.326025
-0.639086	0.357589	-0.479716
-0.675933	0.450191	-0.588317
-0.695811	0.568004	-0.363357
-0.593028	0.658667	-0.404083
-0.562483	0.712483	-0.329419
-0.523213	0.758056	-0.4099
-0.612906	0.755147	-0.332328
-0.599815	0.772601	-0.316329
-0.569756	0.811872	-0.389538
-0.61436	0.798297	-0.321177
-0.648298	0.916595	-0.311481
-0.627935	0.951018	-0.327965
-0.633268	0.943745	-0.311965
-0.625026	0.852113	-0.261058
-0.536303	0.881202	-0.154397
-0.641026	0.800721	-0.246514
-0.610481	0.802176	-0.208212
-0.59933	0.829326	-0.166517
-0.704538	0.979138	-0.0870055
-0.621632	1.04895	-0.311481
-0.68369	1.07756	-0.0680973
-0.597876	1.07659	0.0191716
-0.536303	1.04459	0.0763812
-0.427217	1.01308	-0.0220387
-0.3351	0.896717	-0.0448256
-0.296313	0.782298	-0.0651883
-0.260436	0.718301	-0.124337
-0.274496	0.732845	-0.104944
-0.32007	0.73236	-0.0797331
-0.358856	0.743027	-0.0346442
-0.425277	0.836114	-0.0559766
-0.386491	0.837568	-0.0584007
-0.58527	1.00241	0.054564
-0.481033	0.864233	0.0191716
-0.294859	0.892353	-0.106883
-0.168319	1.13137	-0.290633
-0.149896	1.03586	-0.28433
-0.1785	0.820599	-0.194637
-0.160077	0.784237	-0.209667
-0.122745	0.930655	-0.314874
-0.183833	0.951018	-0.210636

-0.839805	-0.0331817	-0.521411
-0.854834	-0.00263761	-0.531107
-0.842714	-0.00700106	-0.533047
-0.85241	-0.0060314	-0.534016
-0.847077	-0.00215278	-0.539349
-0.844168	-0.00554657	-0.541289
-0.830593	0.0046348	-0.544682
-0.827684	0.00948307	-0.540804
-0.83932	0.0104527	-0.529168
-0.836896	0.000756181	-0.530138
-0.845623	-0.0166976	-0.52432
-0.851441	-0.0186369	-0.495715
-0.819442	-0.0496659	-0.449656
-0.815563	-0.102997	-0.449656
-0.764656	-0.159722	-0.415234
-0.801018	-0.0142735	-0.672192
-0.900893	0.00851342	-0.534986
-0.768535	0.0240279	-0.43802
-0.778716	0.136023	-0.456444
-0.815563	0.150083	-0.510745
-0.738961	0.237352	-0.526259
-0.683205	0.425465	-0.402628
-0.559575	0.411405	-0.28433
-0.55715	0.49625	-0.172335
-0.579937	0.520976	-0.261543
-0.612906	0.696968	-0.338146
-0.648783	0.870536	-0.167487
-0.668176	0.920473	-0.178638
-0.630359	0.831265	-0.287239
-0.58527	0.907868	-0.258634
-0.76902	0.949078	-0.152457
-0.64345	1.0795	-0.0104028
-0.660903	0.935503	-0.318753
-0.676903	0.877809	-0.191728
-0.643934	0.774056	-0.198516
-0.574604	0.79054	-0.178153
-0.639086	0.80363	-0.180092
-0.554726	0.798782	-0.262513
-0.692417	0.689696	-0.185425
-0.52903	0.83175	-0.15973
-0.533394	0.981562	0.0356558
-0.591573	1.05477	-0.0419166
-0.583816	1.18276	0.0802599
-0.539212	1.16677	0.145227
-0.385037	1.14204	0.0977137
-0.297283	1.05332	0.0162627
-0.214862	1.05138	-0.135003
-0.244437	0.895747	-0.103005
-0.147471	0.795388	-0.12967
-0.130987	0.71927	-0.0700366
-0.187712	0.686787	-0.169426
-0.233286	0.806539	-0.150033

-0.879561	0.0720258	-0.469049
-0.881015	0.0696016	-0.46808
-0.870834	0.0759044	-0.470019
-0.86744	0.0511782	-0.479231
-0.871318	0.0448755	-0.475352
-0.860652	0.0385727	-0.486988
-0.865985	0.0313003	-0.486988
-0.910105	-0.00845554	-0.454989
-0.802473	-0.138874	-0.423476
-0.870349	-0.138389	-0.43996
-0.844653	-0.0894217	-0.487958
-0.752051	-0.129178	-0.437051
-0.750596	0.0419665	-0.4099
-0.771929	0.181597	-0.445293
-0.825745	0.220383	-0.365296
-0.781141	0.305713	-0.354145
-0.641026	0.330439	-0.420082
-0.653146	0.620365	-0.428324
-0.667691	0.586427	-0.307602
-0.581877	0.749814	-0.336207
-0.547454	0.586912	-0.314389
-0.46067	0.737209	-0.349782
-0.637147	0.889929	-0.324086
-0.647328	0.960229	-0.375478
-0.652177	0.855022	-0.329419
-0.696781	0.960229	-0.349782
-0.75496	0.887505	-0.25815
-0.653631	1.02568	-0.45208
-0.743324	0.667878	-0.290633
-0.6706	0.795388	-0.261058
-0.695811	0.841447	-0.262028
-0.753021	0.792964	-0.300814
-0.688054	0.894778	-0.114156
-0.65557	0.926291	-0.14567
-0.753505	0.9292	-0.138397
-0.689023	0.849204	-0.150033
-0.701629	0.79054	-0.021069
-0.594967	0.966532	-0.0671276
-0.387946	0.904474	0.0104447
-0.273526	0.861809	-0.00264559
-0.258497	0.828841	-0.0865207
-0.300677	0.849204	-0.0574311
-0.244922	0.737209	-0.0971869
-0.36128	0.814296	-0.00603938
-0.487335	1.03392	-0.0816724
-0.440307	0.840962	-0.136943
-0.435944	0.862779	-0.297905
-0.571695	0.808478	-0.237302
-0.567332	0.713937	-0.272694
-0.521758	0.700362	-0.202394
-0.34916	0.886536	-0.338146
-0.255588	0.97235	-0.359963
-0.212923	1.00241	-0.193183
-0.279344	1.06835	0.029353

-0.803927	-0.0714831	-0.557288
-0.83835	-0.0646955	-0.569409
-0.836411	-0.0899065	-0.577651
-0.801018	-0.0729376	-0.619831
-0.783565	-0.0879672	-0.616922
-0.79617	-0.0947548	-0.604801
-0.771444	-0.123844	-0.582499
-0.723446	-0.151964	-0.600922
-0.743324	-0.163115	-0.596074
-0.784534	-0.244566	-0.646496
-0.968769	-0.299837	-0.58056
-0.726355	-0.384197	-0.483109
-0.695811	-0.285777	-0.599953
-0.72587	-0.273171	-0.514623
-0.723931	-0.216446	-0.495715
-0.772899	-0.188811	-0.499593
-0.802473	-0.179115	-0.548076
-0.845623	0.00802859	-0.716796
-0.924165	0.18596	-0.659102
-0.849986	0.236382	-0.558742
-0.730234	0.280017	-0.639224
-0.763687	0.354195	-0.521411
-0.712295	0.434192	-0.563106
-0.724416	0.411405	-0.502502
-0.735082	0.397345	-0.503957
-0.798594	0.43904	-0.464686
-0.794716	0.49625	-0.465171
-0.782595	0.375528	-0.429778
-0.852895	0.39783	-0.427354
-0.819442	0.380861	-0.402143
-0.961012	0.347408	-0.470019
-0.855319	0.201475	-0.309541
-0.721022	0.414314	-0.392447
-0.901378	0.534551	-0.315359
-0.752051	0.586427	-0.459838
-0.75593	0.674666	-0.317298
-0.881985	0.812357	0.0729875
-0.644419	0.772601	0.133106
-0.463579	0.899626	-0.182032
-0.421399	0.863264	-0.21597
-0.447095	0.864718	-0.1447
-0.527576	0.977683	-0.134034
-0.515455	0.93114	-0.134034
-0.450488	1.00144	-0.194637
-0.552302	0.903505	-0.174759
-0.523213	0.800236	-0.126277
-0.421884	0.880233	-0.273179
-0.398127	0.819629	-0.232454
-0.424793	0.846295	-0.180092
-0.380673	0.994167	-0.139852
-0.0849287	1.34421	0.535997
-0.00444736	0.881202	-0.0870055
-0.160562	1.0092	-0.267846
-0.102382	1.13622	-0.381296

-0.793261	-0.210628	-0.583469
-0.813624	-0.19172	-0.573772
-0.831563	-0.16554	-0.569409
-0.805867	-0.160206	-0.569893
-0.808291	-0.169903	-0.585893
-0.796655	-0.168449	-0.584923
-0.819927	-0.158267	-0.592195
-0.809745	-0.158267	-0.598498
-0.748172	-0.173297	-0.55147
-0.731688	-0.184933	-0.601407
-0.78211	-0.19269	-0.592195
-0.727325	-0.310503	-0.416203
-0.912529	-0.368197	-0.603347
-0.820412	-0.371591	-0.538865
-0.69969	-0.340077	-0.444323
-0.721507	-0.198993	-0.521411
-0.760293	-0.210144	-0.52335
-0.748657	-0.152449	-0.400689
-0.801018	0.0395424	-0.385659
-0.826229	0.231534	-0.570378
-0.89556	0.35371	-0.521411
-0.841744	0.270805	-0.538865
-0.784534	0.401223	-0.566015
-0.779686	0.505461	-0.443838
-0.82526	0.501098	-0.324086
-0.791807	0.539399	-0.443838
-0.771444	0.519036	-0.444808
-0.802473	0.586912	-0.414749
-0.709386	0.519521	-0.387114
-0.799564	0.513219	-0.303723
-0.768535	0.504007	-0.378387
-0.85241	0.483159	-0.290633
-0.873743	0.512249	-0.363842
-0.867925	0.42595	-0.283845
-0.896045	0.576246	-0.286754
-0.708901	0.707634	-0.17185
-0.58624	0.813811	-0.0443407
-0.516425	0.772601	-0.085551
-0.55715	0.761935	-0.0448256
-0.581877	0.766298	-0.0453104
-0.619693	0.904474	-0.166517
-0.55715	1.01211	-0.319238
-0.579937	0.827871	-0.238756
-0.600785	0.857446	-0.379356
-0.541636	0.76145	-0.431718
-0.589634	0.749329	-0.343479
-0.62939	0.811872	-0.434142
-0.514486	0.755147	-0.198031
-0.465518	0.795388	-0.0559766
-0.37631	0.948109	-0.118519
-0.22262	1.05235	-0.237302
-0.187712	1.05623	-0.223242
-0.181409	0.834659	-0.112217

-0.833987	-0.0516052	-0.760431
-0.83835	-0.0259093	-0.582984
-0.742839	-0.107845	-0.52238
-0.795201	-0.115602	-0.681889
-0.794716	-0.12336	-0.64892
-0.760778	-0.142268	-0.585408
-0.823321	-0.121905	-0.647951
-0.791807	-0.122875	-0.622255
-0.782595	-0.100573	-0.599953
-0.801503	-0.101542	-0.575227
-0.813624	-0.0966941	-0.592195
-0.780656	-0.113663	-0.598498
-0.750112	-0.134995	-0.591226
-0.727325	-0.152934	-0.653769
-0.756414	-0.149055	-0.618861
-0.725385	-0.182993	-0.505411
-0.827199	-0.223719	-0.641163
-0.941134	-0.270747	-0.569893
-0.763687	-0.297413	-0.518987
-0.689023	-0.280444	-0.526259
-0.668661	-0.171842	-0.480685
-0.717143	-0.0545141	-0.434627
-0.823805	0.132629	-0.546622
-0.879561	0.261108	-0.699342
-0.82526	0.26935	-0.549046
-0.870349	0.350801	-0.478746
-0.739445	0.415768	-0.613043
-0.761747	0.484614	-0.535956
-0.733628	0.519521	-0.493776
-0.759808	0.455524	-0.533047
-0.749142	0.428859	-0.48117
-0.756899	0.457948	-0.467595
-0.733628	0.490432	-0.464686
-0.902347	0.43807	-0.359963
-0.783565	0.449706	-0.484079
-0.73993	0.552005	-0.452565
-0.832532	0.46813	-0.397295
-0.790352	0.685817	-0.456444
-0.849016	0.616487	-0.279967
-0.798594	0.656727	-0.0976717
-0.639086	0.627153	-0.117065
-0.552302	0.682908	-0.127246
-0.657025	0.791509	-0.235363
-0.644904	0.756117	-0.181062
-0.606603	0.83078	-0.206273
-0.58624	0.737209	-0.100581
-0.495577	0.793934	-0.0942779
-0.498001	0.796842	-0.0680973
-0.469397	0.866173	-0.145185
-0.412187	0.744966	-0.229545
-0.386491	1.04701	-0.293542
-0.424308	1.02811	-0.260574
-0.453882	0.896717	-0.236817
-0.596421	0.841931	0.223769
-0.272072	0.842901	-0.0807028
-0.173652	1.02907	-0.294996
-0.0965645	1.0092	-0.379841
-0.144078	0.997561	-0.319238
-0.219711	0.982531	-0.212576
-0.29292	0.864718	-0.0739152
-0.346735	0.9292	-0.0487042

-0.836896	0.152992	-0.533047
-0.835926	0.134568	-0.518017
-0.829138	0.13069	-0.505896
-0.820896	0.128266	-0.491836
-0.816048	0.131175	-0.521411
-0.818472	0.127781	-0.499109
-0.832047	0.124387	-0.456929
-0.833017	0.116145	-0.459353
-0.829138	0.108388	-0.476322
-0.850471	0.0962671	-0.516562
-0.890712	0.00269549	-0.492806
-0.775323	-0.0637258	-0.624679
-0.870349	-0.0690589	-0.495715
-0.789867	-0.117542	-0.498624
-0.788898	-0.0617865	-0.472443
-0.718598	0.00124101	-0.511229
-0.661873	0.119539	-0.590256
-0.716174	0.239776	-0.379356
-0.716174	0.332378	-0.587347
-0.613875	0.464251	-0.669768
-0.789867	0.552974	-0.307117
-0.462124	0.627153	-0.655708
-0.641995	0.613578	-0.294512
-0.561514	0.928231	-0.560682
-0.67157	0.728482	-0.404567
-0.513516	0.861809	-0.582499
-0.707932	0.90302	-0.36966
-0.550848	0.723634	-0.52432
-0.689508	0.781813	-0.448202
-0.653631	1.08483	-0.619831
-0.751566	0.741087	-0.385174
-0.667206	0.70521	-0.429294
-0.622602	0.802176	-0.512199
-0.840289	0.750784	-0.337661
-0.671085	0.979622	-0.38275
-0.54503	1.12022	-0.117065
-0.463094	1.16143	0.0521399
-0.410248	1.18907	0.0841385
-0.339463	1.1561	-0.107368
-0.2488	1.08774	-0.198031
-0.244922	1.03683	-0.15876
-0.223104	0.833205	-0.245544
-0.260436	0.729936	-0.177668
-0.30504	0.694059	-0.194152
-0.224559	0.669333	-0.289663
-0.286617	0.59467	-0.193183
-0.288556	0.753693	-0.175729
-0.277405	0.926776	-0.0137966
-0.369037	1.00241	0.223769
-0.51691	1.04023	-0.138882
-0.577513	0.848234	-0.00264559
-0.364674	0.86084	-0.240211
-0.181409	0.923867	-0.348327
-0.265284	0.921443	-0.189304

-0.799564	-0.113663	-0.589287
-0.822351	-0.1093	-0.595104
-0.814109	-0.110754	-0.588317
-0.801988	-0.105906	-0.568924
-0.821381	-0.102512	-0.570378
-0.817018	-0.102512	-0.558742
-0.826714	-0.105906	-0.572802
-0.822836	-0.107845	-0.561651
-0.814594	-0.0928155	-0.565045
-0.799079	-0.103482	-0.568439
-0.797625	-0.163115	-0.571348
-0.789867	-0.236809	-0.587832
-0.707447	-0.338138	-0.542258
-0.687569	-0.338623	-0.693524
-0.832532	-0.238748	-0.628073
-0.712295	-0.185417	-0.554379
-0.652661	-0.197053	-0.645526
-0.719568	-0.131602	-0.652314
-0.817018	0.0288762	-0.493776
-0.75399	0.171415	-0.352691
-0.638117	0.304258	-0.293057
-0.616784	0.497219	-0.304208
-0.677388	0.459888	-0.288209
-0.709871	0.55249	-0.210636
-0.626481	0.728482	-0.458383
-0.656055	0.611154	-0.288694
-0.734112	0.710058	-0.326025
-0.69775	0.739148	-0.302269
-0.749627	0.730906	-0.310511
-0.808776	0.887505	-0.337176
-0.820896	0.837083	-0.358024
-0.769505	0.772601	-0.423476
-0.873743	0.601942	-0.662011
-0.716174	0.742057	-0.43899
-0.875682	0.9452	-0.265422
-0.90865	0.939382	-0.187365
-0.802473	0.985925	-0.167487
-0.677872	1.00386	-0.0525828
-0.470851	1.04507	-0.0273718
-0.518364	1.03053	0.0337165
-0.333645	0.901565	-0.0327049
-0.205651	0.865688	-0.212091
-0.156683	0.798297	-0.227121
-0.235225	0.729936	-0.225181
-0.300192	0.735269	-0.189304
-0.279344	0.788116	-0.292572
-0.565392	0.949078	-0.240211
-0.706477	0.723149	-0.252816
-0.770959	0.809933	-0.110277
-0.596906	0.84678	-0.0559766
-0.30698	0.794903	-0.2853
-0.227468	0.848719	-0.34154
-0.101413	0.963138	-0.394386
-0.141169	0.97332	-0.326995
-0.242498	1.07222	-0.223242
-0.340917	1.12556	-0.0167056

-0.860167	-0.012819	-0.530622
-0.856774	0.0225734	-0.549046
-0.864046	0.0385727	-0.519956
-0.869864	0.0337244	-0.503957
-0.85241	0.0240279	-0.516562
-0.844168	0.0288762	-0.508805
-0.865016	0.0351789	-0.506866
-0.85435	0.0249975	-0.510745
-0.851441	0.0109376	-0.509775
-0.846107	-0.0341514	-0.492806
-0.885863	-0.0850582	-0.523835
-0.871318	-0.197053	-0.455474
-0.774353	-0.267838	-0.384689
-0.81023	-0.253778	-0.670737
-0.862107	-0.224204	-0.615467
-0.827199	-0.146146	-0.491351
-0.724416	-0.0777858	-0.46614
-0.69969	-0.0205762	-0.441899
-0.748172	0.155416	-0.478261
-0.668176	0.18596	-0.464686
-0.673024	0.295046	-0.229545
-0.609512	0.38377	-0.27124
-0.593512	0.471039	-0.2853
-0.605633	0.710543	-0.459838
-0.676418	0.618426	-0.0942779
-0.652661	0.843871	-0.321662
-0.78405	0.726058	-0.398265
-0.807321	0.897687	-0.347843
-0.730234	0.855991	-0.331358
-0.805382	0.833689	-0.362387
-0.706962	0.990773	-0.575227
-0.704053	0.799267	-0.310511
-0.661873	0.750784	-0.239726
-0.924649	0.74836	-0.488927
-0.71278	0.801691	-0.462747
-0.721992	1.00483	-0.314389
-0.574604	1.18228	-0.0651883
-0.471821	1.26082	0.0535944
-0.352553	1.1624	-0.0903993
-0.346251	1.12943	-0.0758545
-0.338008	0.972835	-0.250392
-0.367583	0.870051	-0.186395
-0.29098	0.753208	-0.20191
-0.311343	0.661091	-0.179123
-0.333645	0.666424	-0.154397
-0.32007	0.63588	-0.209182
-0.359341	0.731391	-0.244574
-0.274011	0.742542	-0.246514
-0.27789	0.786661	-0.273664
-0.290011	0.81769	-0.228575
-0.308919	0.938412	-0.110762
-0.327827	0.9292	-0.0370683
-0.498001	1.00289	0.127288
-0.48685	1.1401	-0.176214
-0.355462	0.763389	-0.0714911
-0.404915	0.790055	-0.0167056

-0.750596	-0.181054	-0.56456
-0.801503	-0.189781	-0.582499
-0.807806	-0.15148	-0.571348
-0.809745	-0.144207	-0.545652
-0.814594	-0.170873	-0.566984
-0.840774	-0.180084	-0.575711
-0.830593	-0.19366	-0.575711
-0.787443	-0.20578	-0.576196
-0.801018	-0.175236	-0.586862
-0.76902	-0.199477	-0.550016
-0.72684	-0.222749	-0.589771
-0.800049	-0.226628	-0.551955
-0.733143	-0.350744	-0.386144
-0.811685	-0.339108	-0.555349
-0.898954	-0.274626	-0.486503
-0.789867	-0.24893	-0.347843
-0.710356	-0.0617865	-0.459838
-0.672539	-0.1093	-0.414749
-0.779201	0.00269549	-0.375478
-0.825745	0.161234	-0.269785
-0.730234	0.136023	-0.321662
-0.761263	0.384255	-0.494745
-0.748172	0.523885	-0.435596
-0.636662	0.487038	-0.251847
-0.668176	0.761935	-0.363842
-0.661873	0.601942	-0.228575
-0.775323	0.773086	-0.342994
-0.792292	0.79054	-0.264937
-0.817018	0.768723	-0.21597
-0.784534	0.786661	-0.314874
-0.874227	0.759511	-0.283845
-0.859683	0.715876	-0.316814
-0.860652	0.70618	-0.372569
-1.00513	0.710543	-0.49523
-0.876652	0.81769	-0.219363
-0.864531	0.912231	-0.165063
-0.759808	1.01017	-0.0278566
-0.638117	1.04556	0.082684
-0.685145	0.934533	0.0506854
-0.64151	1.02956	-0.0792483
-0.549878	0.941806	-0.19997
-0.434004	0.815266	-0.286754
-0.329282	0.660606	-0.256695
-0.277405	0.561216	-0.334267
-0.227468	0.459403	-0.402143
-0.36225	0.5234	-0.323116
-0.416066	0.643637	-0.34154
-0.591088	0.756117	-0.408446
-0.809261	0.831265	-0.582499
-2.37186	1.00483	0.336249
-0.779201	0.739633	0.592722
-0.603209	0.722179	-0.405052
-0.124685	0.957805	-0.798247
-0.0572935	0.831265	-0.307602
-0.396188	0.919989	-0.0152511

-0.831563	0.0138465	-0.557288
-0.83738	0.0109376	-0.545167
-0.848532	0.00560445	-0.539349
-0.85338	0.0167555	-0.545167
-0.85241	0.0332396	-0.556318
-0.836896	0.0414817	-0.535956
-0.865985	0.0366334	-0.542743
-0.846107	-0.00700106	-0.529653
-0.939679	-0.198508	-0.527229
-0.961981	-0.344441	-0.666374
-0.939679	-0.337168	-0.403113
-0.75496	-0.274626	-0.53644
-0.8112	-0.204326	-0.420082
-0.762232	-0.0569383	-0.183001
-0.630844	0.015301	-0.337176
-0.661873	0.104509	-0.317783
-0.530485	0.0385727	-0.212091
-0.683205	0.182566	-0.227605
-0.737506	0.122933	-0.332813
-0.656055	0.457463	-0.440929
-0.71375	0.599518	-0.297421
-0.629875	0.600972	-0.509775
-0.728294	0.715392	-0.20094
-0.620178	0.863264	-0.394871
-0.728779	0.7886	-0.142761
-0.693387	0.997076	-0.389053
-0.736536	0.939867	-0.192213
-0.703083	0.956351	-0.176699
-0.767565	0.935018	-0.10155
-0.609027	0.829326	0.0763812
-0.518364	0.921928	-0.206758
-0.657994	0.992713	-0.118519
-0.688539	0.923382	-0.00652421
-0.657025	0.966047	-0.0181601
-0.58721	1.04071	0.106441
-0.522728	1.07659	-0.0511283
-0.47279	1.04313	0.015293
-0.415096	1.15271	0.0395344
-0.257527	0.896717	-0.0971869
-0.185288	0.857446	-0.245059
-0.114018	0.810418	-0.2853
-0.275951	0.600972	-0.328934
-0.4597	0.718301	-0.365781
-0.516425	0.722664	-0.470019
-0.723931	0.826417	-0.414749
-0.738961	0.894778	-0.314874
-0.731203	0.876839	-0.169911
-0.709386	0.801206	-0.03222
-0.62842	0.761935	0.296493
-0.365644	0.999015	0.117592
-0.0815349	0.990773	-0.315844
-0.174622	1.05283	-0.247483
-0.145047	0.905444	-0.119489
-0.0776563	1.0092	-0.25621
-0.0912314	1.05623	-0.288694
-0.189167	1.08435	0.138924
-0.0490515	0.930655	-0.0346442

-0.837865	-0.040939	-0.539349
-0.85338	-0.0322121	-0.568924
-0.819927	-0.0700286	-0.520441
-0.828169	-0.0297879	-0.579105
-0.839805	-0.0462721	-0.561651
-0.840289	-0.0346362	-0.516562
-0.816533	-0.0283335	-0.546137
-0.823805	-0.0166976	-0.550016
-0.832047	-0.040939	-0.528683
-0.834472	-0.0501507	-0.5665
-0.805867	-0.0637258	-0.573772
-0.74187	-0.0705134	-0.499109
-0.724901	-0.0535445	-0.661041
-0.696781	0.0390575	-0.577166
-0.74187	0.0608748	-0.632436
-0.867925	0.0279065	-0.502502
-0.728294	0.122448	-0.549531
-0.580422	0.114206	-0.568439
-0.652177	0.295046	-0.458383
-0.624057	0.253351	-0.507836
-0.591573	0.295046	-0.334752
-0.508183	0.425465	-0.435596
-0.47279	0.517582	-0.490382
-0.631329	0.777934	-0.409416
-0.61339	0.974289	-0.3556
-0.450973	0.875869	-0.300814
-0.517395	0.845325	-0.310996
-0.530485	0.822054	-0.275603
-0.503819	0.940836	-0.472443
-0.728294	0.88896	-0.333783
-0.704053	0.900111	-0.46711
-0.675933	0.74739	-0.399234
-0.761263	0.738663	-0.422021
-0.640056	0.918049	-0.386144
-0.817987	0.836114	-0.240211
-0.623572	0.835144	-0.422991
-0.712295	1.03004	-0.339601
-0.648783	0.943745	-0.344449
-0.545999	1.0795	-0.0748848
-0.439337	1.22398	0.0754116
-0.271587	1.24967	0.186437
-0.191106	1.19731	-0.0171904
-0.257527	1.03974	-0.11658
-0.320555	0.995137	-0.180092
-0.345766	0.805085	-0.0816724
-0.338008	0.694059	-0.114156
-0.317646	0.671272	-0.142761
-0.342857	0.668848	-0.113671
-0.379219	0.679999	-0.110277
-0.397157	0.676605	-0.0763393
-0.427217	0.712483	-0.0860359
-0.388915	0.72024	0.0342013
-0.406854	0.929685	-0.00216076
-0.203711	0.968471	-0.0889448

-0.821381	-0.0656651	-0.542743
-0.828169	-0.0869975	-0.547107
-0.827199	-0.0763313	-0.543713
-0.83738	-0.0574231	-0.557773
-0.829138	-0.0569383	-0.53644
-0.835926	-0.0651803	-0.542258
-0.83738	-0.0579079	-0.546622
-0.831563	-0.054999	-0.552924
-0.817987	-0.0341514	-0.566015
-0.831563	-0.0404541	-0.555349
-0.836411	-0.0419086	-0.558258
-0.850471	-0.0530596	-0.573287
-0.78405	-0.0962093	-0.492806
-0.774353	-0.12142	-0.533531
-0.83932	-0.0903913	-0.555833
-0.801988	-0.0903913	-0.493291
-0.870349	0.0114224	-0.51026
-0.935316	-0.000213474	-0.472443
-0.862107	-0.0758465	-0.408931
-0.845623	-0.05209	-0.475352
-0.831563	0.0148162	-0.581529
-0.770474	0.0143313	-0.534501
-0.816048	0.0448755	-0.520926
-0.714234	0.116145	-0.440929
-0.699205	0.226201	-0.325541
-0.750596	0.430313	-0.24312
-0.571695	0.721209	-0.358509
-0.729749	0.511764	-0.152457
-0.563938	0.576246	-0.175729
-0.57218	0.836114	-0.107368
-0.531939	0.716361	-0.170396
-0.62842	0.686787	-0.0273718
-0.534848	0.811872	-0.132579
-0.531939	0.909807	-0.177668
-0.630359	1.04362	-0.182032
-0.622117	0.944715	-0.226636
-0.705508	0.918049	-0.202879
-0.629875	0.937442	-0.230999
-0.591573	0.918049	-0.21403
-0.489275	0.948109	-0.0249476
-0.650237	0.897687	-0.131125
-0.622117	0.769692	-0.211606
-0.612421	0.8046	-0.205303
-0.595452	0.949563	-0.216454
-0.69872	0.937442	0.0148082
-0.609027	0.97332	-0.0341594
-0.624057	1.15271	-0.00652421
-0.529515	1.18276	0.170438
-0.531939	1.13816	0.207285
-0.374371	1.12701	0.0943199
-0.294859	1.04507	-0.0268869
-0.202742	0.921443	-0.140821
-0.125654	0.840477	-0.168941
-0.0931707	0.759026	-0.250392
-0.0999583	0.780358	-0.291603