-0.996784	0.0338224	-0.0580358
-0.98466	0.037702	-0.0638552
-0.978841	0.0406117	-0.0725842
-1.00212	0.0415816	-0.0764638
-0.99048	0.0357622	-0.0735541
-0.982236	0.0347923	-0.0754939
-0.979811	0.037702	-0.0711293
-0.998724	0.0367321	-0.0774336
-0.993874	0.0333375	-0.0570659
-0.98757	0.0328526	-0.0478519
-0.985145	0.0270332	-0.0463971
-1.00939	0.020244	-0.0522165
-0.993389	0.000361176	-0.0687046
-1.00697	0.00957515	-0.0483369
-0.89543	-0.0146722	-0.082768
-1.00066	0.0134547	-0.19576
-1.01812	0.0614644	-0.118654
-0.885731	-0.00982269	-0.0522165
-0.964778	-0.0175818	-0.117684
-1.02637	-0.00448828	-0.143871
-1.03218	0.0183042	-0.0881025
-1.06322	0.0440063	-0.0463971
-1.05837	0.120143	-0.0541562
-0.906584	0.14536	-0.0890723
-0.962353	0.0818321	0.0588362
-0.829963	0.165243	-0.0158455
-1.01327	0.261747	-0.0556111
-1.03267	0.254473	0.0758093
-0.869243	0.37183	0.0214953
-0.919677	0.454271	-0.0105111
-0.863424	0.503735	-0.0143907
-0.813959	0.520708	-0.00469174
-0.823173	0.661828	-0.0978014
-0.732973	0.68656	-0.0594906
-0.667506	0.667647	-0.0129358
-0.66896	0.877629	-0.0260294
-0.763525	0.63952	-0.047367
-0.634044	0.808766	-0.105076
-0.549179	0.744753	-0.0173003
-0.545784	0.771425	-0.0323337
-0.547239	0.812646	-0.0231197
-0.574881	0.869869	-0.0129358
-0.538025	0.795673	-0.0269993
-0.547239	0.895087	-0.0449423
-0.495835	1.06627	-0.0551261
-0.366839	0.980922	0.000157716
-0.242208	0.860655	0.0767792
-0.261121	0.972678	0.0743545
-0.300401	0.954735	0.0651405
-0.31301	0.874234	0.096662
-0.27179	0.930003	0.0680502

-0.94732	-0.321643	-0.0177853
-0.958473	-0.321643	-0.0119659
-0.928407	-0.322613	-0.0168154
-0.949259	-0.310489	-0.0124509
-0.94344	-0.303215	0.00161255
-0.961868	-0.305155	0.00549212
-0.944895	-0.312429	-0.00032723
-0.94441	-0.314369	-0.00226701
-0.952654	-0.323583	-0.0105111
-0.941015	-0.342011	-0.0187552
-0.916283	-0.337161	0.0195556
-0.925982	-0.35074	-0.000812176
-0.944895	-0.35268	0.0113115
-0.879912	-0.360924	-0.0177853
-0.974961	-0.379352	-0.0973164
-0.94732	-0.358984	0.0311943
-0.846936	-0.390505	0.0389534
-0.89737	-0.379836	-0.0279692
-0.94732	-0.330857	-0.0657949
-0.951684	-0.338616	0.0273147
-1.01764	-0.390505	-0.0279692
-1.00939	-0.382261	-0.0134208
-1.00357	-0.321158	0.00985664
-0.827538	-0.259085	0.0379835
-0.845966	-0.181979	0.00452223
-0.793107	-0.130574	-0.0260294
-0.881367	-0.17131	-0.0245745
-1.01424	-0.0243711	0.00549212
-0.963323	-0.00497323	-0.0177853
-1.03315	0.0983203	0.171829
-1.26932	0.311212	0.0297394
-0.933741	0.342248	-0.0245745
-0.98854	0.398987	0.0520469
-0.835297	0.479488	0.0665953
-0.828508	0.558534	-0.00905626
-0.820749	0.566293	0.00258245
-0.935681	0.509554	0.0753243
-0.918708	0.566293	0.0181007
-0.652957	0.68171	-0.0192401
-0.638409	0.627881	-0.0119659
-0.560333	0.620122	-0.0134208
-0.57973	0.717111	0.0297394
-0.658292	0.806826	0.0384685
-0.690783	0.815555	-0.00032723
-0.691753	0.836408	0.033134
-0.62968	0.896541	0.0690201
-0.476437	1.01826	0.0641706
-0.222325	0.99547	-0.00226701
-0.170921	0.962494	0.0617459
-0.291672	0.931457	0.138367
-0.325134	0.920789	0.121879
-0.251422	0.930003	0.0622308
-0.242208	0.964919	0.0525319
-0.260636	0.981892	0.0578663
-0.256271	0.970253	0.0559265

-0.977871	0.0818321	-0.06531
-0.975446	0.0794074	-0.0735541
-0.989025	0.0721332	-0.0716143
-0.98369	0.0682536	-0.0643401
-1.00406	0.064859	-0.0657949
-0.990965	0.0667988	-0.0682197
-0.980296	0.0541902	-0.0396079
-0.94344	0.0260633	-0.0463971
-1.00648	0.00472569	-0.0240896
-0.953139	-0.03407	-0.0177853
-1.01812	0.0183042	-0.10944
-1.09474	0.0221837	-0.19673
-0.979326	0.00715042	-0.0313638
-0.848875	-0.0617119	-0.0890723
-0.952654	-0.0238861	-0.157935
-1.01909	0.0318827	-0.134172
-1.01667	0.0488558	-0.0439724
-1.07389	0.055645	-0.0968315
-1.15682	0.121598	-0.0609455
-1.01036	0.0726181	-0.0541562
-0.90125	0.0488558	0.0568964
-0.8062	0.0386719	-0.0987713
-0.841601	0.132751	-0.0425175
-0.973992	0.300058	-0.0512466
-0.961868	0.393167	-0.00323691
-0.852755	0.420324	0.0350738
-0.85421	0.528952	0.0205254
-0.855665	0.575992	0.033619
-0.798926	0.63758	0.0132513
-0.618526	0.703048	0.0108265
-0.599128	0.796642	0.0486523
-0.44831	0.831074	-0.0837379
-0.733458	0.755422	0.0792039
-0.651017	0.720991	0.0287695
-0.573426	0.802947	0.00985664
-0.471587	0.81604	0.0287695
-0.424548	0.852896	0.051077
-0.459464	0.880053	0.0457426
-0.568577	0.874234	0.0641706
-0.465768	0.895571	0.0113115
-0.484681	0.959099	0.0258599
-0.339197	0.974618	0.0646555
-0.26985	0.965404	0.107816
-0.35617	1.02554	0.111695
-0.40321	1.01632	0.0806588
-0.299432	0.949401	0.00791685
-0.245118	0.951825	-0.0590057
-0.283428	1.01196	-0.0910121
-0.277124	0.979467	-0.101681
-0.257726	0.980922	-0.144356
-0.235904	0.95231	-0.173453
-0.236874	0.976558	-0.190911
-0.218931	0.916424	-0.139022
-0.200503	0.838348	-0.0948917
-0.211656	0.918849	-0.0415476

-0.935681	-0.109722	-0.0856777
-0.933741	-0.144153	-0.0847078
-0.953624	-0.146093	-0.107015
-0.973992	-0.149002	-0.092467
-0.974961	-0.154337	-0.0793734
-0.971082	-0.146577	-0.0730691
-0.973022	-0.133484	-0.0478519
-0.969627	-0.135909	-0.0299089
-0.992419	-0.138818	-0.0342735
-0.997269	-0.155306	-0.038638
-0.995329	-0.17034	-0.0434874
-0.98757	-0.188283	-0.0837379
-0.931801	-0.172765	-0.0851928
-0.976416	-0.177614	-0.199155
-1.00212	-0.126695	-0.107015
-0.873123	-0.162581	-0.0900422
-0.919193	-0.142698	-0.133202
-1.00745	-0.132999	-0.143386
-0.980296	-0.163066	-0.0890723
-0.992419	-0.177614	-0.0958616
-1.13596	-0.0845044	-0.10653
-1.07341	-0.0631668	-0.0759788
-1.0317	-0.00206355	-0.0279692
-1.03267	0.0367321	0.0889028
-0.62483	-0.0258259	-0.0599756
-0.947804	0.157969	-0.0483369
-1.12481	0.245259	-0.064825
-0.860999	0.303452	-0.011481
-0.905129	0.365526	0.0307093
-0.80426	0.498401	0.00888674
-0.98757	0.592965	0.00112761
-0.777103	0.622547	0.033619
-0.657322	0.823799	-0.0590057
-0.593794	0.800522	0.0476824
-0.651987	0.68656	0.0651405
-0.635499	0.831559	-0.0269993
-0.603978	0.787913	-0.0313638
-0.536085	0.833983	0.00355234
-0.455584	0.802462	-0.0221498
-0.520567	0.877629	0.0103416
-0.587975	0.850472	0.00112761
-0.591854	0.86114	0.0845383
-0.410969	0.764151	0.0491373
-0.40127	0.906725	0.0117964
-0.215536	1.02263	0.0108265
-0.206807	1.06724	0.151946
-0.280519	0.933397	0.217414
-0.297007	0.868415	0.164554
-0.26888	0.943581	0.135943
-0.269365	0.913999	0.169404
-0.22475	0.900421	0.120424
-0.330953	0.925153	0.165524
-0.326104	0.943581	0.210139
-0.345017	0.99935	0.196076
-0.354715	0.980922	0.142732
-0.243178	0.743783	0.0728996
-0.328043	1.07646	0.0117964

-1.00066	0.092016	-0.082768
-0.943925	0.0784375	-0.0735541
-0.990965	0.0774676	-0.0978014
-0.990965	0.073588	-0.0798584
-0.986115	0.0551601	-0.0784035
-0.994844	0.0440063	-0.0890723
-0.99145	0.0367321	-0.0769487
-0.994844	0.0488558	-0.0754939
-0.999209	0.0343074	-0.0449423
-0.966717	0.0115149	-0.0788885
-0.967202	-0.0277657	-0.082768
-0.942955	-0.033585	-0.0716143
-0.994844	-0.0170969	-0.10847
-1.09135	0.0304278	-0.158905
-0.880882	-0.0568625	-0.0221498
-0.933741	-0.0321302	-0.0628853
-1.06613	0.0386719	-0.0599756
-0.944895	0.0454612	-0.126413
-1.10153	0.117233	-0.10653
-1.05207	0.115778	-0.074524
-0.98854	0.122568	0.0108265
-0.875547	0.173002	-0.0342735
-0.778558	0.23265	-0.00323691
-0.934711	0.337399	0.0520469
-0.927922	0.469789	-0.0502767
-0.821233	0.573082	0.0258599
-0.765465	0.718081	0.0704749
-0.697572	0.767546	0.100057
-0.645683	0.831074	0.0884179
-0.523962	0.790823	0.0408932
-0.248997	0.872294	0.0738695
-0.595249	0.91012	0.136428
-0.527841	0.81507	0.0578663
-0.428912	0.771425	0.0762942
-0.383812	0.896541	0.0171308
-0.698057	0.932427	0.0903577
-0.594279	0.768031	0.153886
-0.292157	0.880053	0.0418631
-0.275669	1.059	0.0598061
-0.152493	0.931457	0.104421
-0.180135	0.929518	0.101996
-0.265485	0.988196	0.115575
-0.26694	0.943096	0.141762
-0.257726	1.00371	0.118485
-0.292642	1.05269	0.0893878
-0.311555	0.927093	0.0855082
-0.213596	0.665222	0.0307093
-0.281004	0.912545	-0.108955
-0.404665	1.24813	-0.204489
-0.393026	0.930003	-0.0493068
-0.297007	0.846592	-0.0269993
-0.262576	0.95619	-0.155995

-0.938106	0.280175	-0.0236046
-0.860514	0.302483	-0.046882
-0.977871	0.318486	-0.0255444
-0.904159	0.339823	-0.0701595
-0.963323	0.318486	-0.0173003
-0.932286	0.303452	-0.0299089
-0.948289	0.311697	-0.029424
-0.925497	0.314121	-0.028939
-0.905129	0.311212	-0.0226347
-0.954594	0.280175	-0.0221498
-0.959928	0.242349	-0.0143907
-0.90125	0.191915	-0.0333036
-1.0123	0.231195	-0.0376681
-1.07244	0.301028	-0.127868
-0.877487	0.204039	-0.0444573
-0.867303	0.14342	-0.0968315
-0.923557	0.170092	-0.174423
-0.955564	0.253988	-0.116229
-1.00454	0.272901	-0.0420326
-1.13693	0.292784	-0.0662799
-1.07147	0.32091	-0.0890723
-0.882822	0.230226	0.0578663
-0.707756	0.231195	0.180558
-0.637924	0.257383	0.0224652
-0.767889	0.511009	-0.114774
-0.593309	0.538166	0.0772641
-0.475467	0.464939	0.0020975
-0.384297	0.646309	0.0554416
-0.563727	0.792278	0.096662
-0.399815	0.95619	0.0622308
-0.40709	1.05754	0.042833
-0.406605	1.1104	0.0292545
-0.333863	1.11622	-0.0318487
-0.31301	1.09634	0.00646201
-0.370234	1.03572	0.0956921
-0.332408	1.02117	0.0535018
-0.40224	1.10458	0.0675652
-0.423578	1.14532	0.0442878
-0.432792	1.10361	0.0297394
-0.410484	1.20691	-0.0255444
-0.260636	1.27334	-0.00226701
-0.256271	1.16569	0.131578
-0.210202	1.1138	0.0632007
-0.183045	1.05366	0.0166459
-0.131155	0.95328	-0.0575509
-0.247542	0.839318	0.0792039
-0.22669	0.788398	0.00258245
-0.169466	0.783064	-0.028939
-0.190804	0.764151	-0.0308788
-0.295067	0.811676	0.00306739
-0.251907	0.839803	-0.0318487
-0.198563	0.945036	-0.102651
-0.209717	0.856291	-0.0677347
-0.207777	0.863565	-0.0570659
-0.168981	0.919334	-0.0696745
-0.236389	1.21612	-0.0449423

-0.980296	0.140996	-0.100226
-0.934711	0.141965	-0.115259
-0.956534	0.145845	-0.127868
-0.980296	0.14924	-0.118654
-0.977386	0.135176	-0.101196
-0.976901	0.119173	-0.11138
-0.973022	0.112384	-0.11332
-0.972537	0.0934708	-0.0929519
-0.994844	0.0551601	-0.0769487
-1.02249	0.0454612	-0.0769487
-0.950714	0.0454612	-0.0284541
-0.961383	0.1924	-0.272382
-0.944895	0.0163644	-0.124473
-0.880397	-0.0675313	-0.02021
-1.01764	-0.0403743	-0.103136
-0.945865	0.0241235	-0.0575509
-0.979326	0.0925009	0.00452223
-0.849845	0.18755	0.0365287
-1.01424	0.36698	-0.0236046
-0.657322	0.468334	-0.0944068
-0.762555	0.500825	0.0370136
-0.572456	0.548835	0.119454
-0.508928	0.832529	0.00355234
-0.547724	0.810221	0.100057
-0.438611	0.77288	0.227112
-0.363444	0.785004	0.152916
-0.319799	0.811191	0.0855082
-0.35617	0.832044	0.11024
-0.375568	0.909635	0.162615
-0.40515	0.951825	0.116545
-0.397391	1.06336	0.0501072
-0.380903	1.12059	0.0413781
-0.366354	1.1395	0.0762942
-0.0676274	1.24522	0.0438029
-0.44831	1.11137	0.0801738
-0.442006	0.99838	-0.0042068
-0.419213	1.05851	0.0277996
-0.247542	1.26898	0.0762942
0.0337263	1.37858	0.170374
0.0225725	1.35385	0.149036
-0.0739317	1.18508	0.140307
-0.0564737	0.948431	0.0307093
-0.179165	0.784034	0.0578663
-0.148613	0.707897	0.0268297
-0.247057	0.72778	-0.0119659
-0.234449	0.636125	0.0253749
-0.330468	0.643885	0.0632007
-0.355685	0.897511	-0.00323691
-0.339682	0.800037	-0.0245745
-0.366839	0.898481	-0.0687046
-0.382357	1.05075	-0.0890723
-0.341622	0.979952	-0.0900422
-0.289248	0.801492	-0.0531863
-0.259181	0.90527	-0.0978014
-0.294582	0.983347	-0.0866476

-0.830447	0.415475	-0.0221498
-0.838207	0.459605	-0.0624003
-0.886701	0.489187	-0.0226347
-0.860029	0.415475	0.0171308
-0.913373	0.41208	-0.0303939
-0.897855	0.392682	-0.0362132
-0.877002	0.399472	-0.0313638
-0.884276	0.404806	-0.0352433
-0.891551	0.400442	-0.02021
-0.885731	0.378619	-0.0226347
-0.926952	0.356312	-0.0182702
-0.953139	0.315576	0.00161255
-0.919677	0.288904	0.0108265
-0.943925	0.23653	0.0297394
-0.994359	0.213737	-0.0182702
-0.935196	0.296178	-0.165209
-0.820749	0.290844	-0.056581
-0.875063	0.165243	0.0161609
-0.847421	0.215677	-0.00711647
-0.925982	0.311697	-0.0619154
-0.913373	0.395107	0.0258599
-0.841116	0.472699	0.0573813
-0.876517	0.5532	-0.0333036
-0.755766	0.54738	0.0728996
-0.527841	0.452816	0.114605
-0.604463	0.736994	0.00791685
-0.590884	0.72972	0.0573813
-0.404665	0.573082	0.204805
-0.434732	0.690439	0.192196
-0.26888	0.81895	0.0704749
-0.27276	0.915454	0.096177
-0.281974	1.19236	0.0704749
-0.202442	1.11186	0.164554
-0.293612	1.14192	0.0898727
-0.364899	1.11622	0.0762942
-0.363444	1.043	0.0801738
-0.409029	1.15308	0.220323
-0.327074	1.0556	0.122364
-0.40321	1.20254	0.0214953
-0.166556	1.32281	0.0307093
-0.18159	1.30535	0.0627157
-0.157342	1.18508	0.181528
-0.186439	0.988196	0.170374
-0.173831	0.992561	-0.0042068
-0.128246	0.947946	-0.0163304
-0.200018	0.798582	0.0404082
-0.212626	0.68656	0.0341039
-0.277609	0.758817	0.0297394
-0.324164	0.801007	-0.0095412
-0.31204	0.849017	-0.0706444
-0.285853	0.936307	-0.0851928
-0.261606	0.975588	-0.0987713
-0.208747	0.933397	-0.106045
-0.153463	0.985287	-0.164724
-0.168496	0.972678	-0.119624
-0.184984	0.829619	-0.00905626

-0.912888	0.350977	-0.0580358
-0.922102	0.369405	-0.0575509
-0.8964	0.381044	-0.0624003
-0.906099	0.378134	-0.0730691
-0.917738	0.385408	-0.0711293
-0.906584	0.376194	-0.0788885
-0.913858	0.37086	-0.074039
-0.912888	0.36795	-0.0585208
-0.903674	0.343218	-0.056581
-0.923557	0.338369	-0.0376681
-0.936651	0.336429	-0.0158455
-0.926467	0.307817	-0.0303939
-0.935681	0.309757	-0.0478519
-0.947804	0.336429	-0.103136
-0.968657	0.348067	-0.15939
-0.923072	0.291814	-0.0866476
-0.899795	0.219557	-0.0672498
-0.888641	0.249623	-0.1075
-0.948774	0.334974	-0.172483
-0.942955	0.311212	-0.0837379
-0.976416	0.291814	-0.0701595
-1.02346	0.36698	-0.0662799
-1.01376	0.396562	-0.104591
-0.856635	0.390743	-0.0948917
-0.767889	0.357281	-0.0192401
-0.727639	0.361161	-0.0153606
-0.881367	0.563384	-0.056581
-0.866818	0.59539	0.0316792
-0.773709	0.503735	0.0918125
-0.683994	0.559504	0.024405
-0.653442	0.668132	0.0486523
-0.644713	0.712262	0.0195556
-0.6258	0.817495	-0.00032723
-0.57973	0.838348	0.0559265
-0.62483	1.04493	0.015191
-0.734428	0.919334	0.0927824
-0.659262	0.924668	0.0438029
-0.502139	0.901391	0.051077
-0.392541	0.873749	0.105391
-0.336772	0.919819	0.108786
-0.417274	0.904301	0.0986018
-0.335318	0.917879	0.0641706
-0.304281	0.966374	0.069505
-0.358595	0.934367	0.209654
-0.390117	0.887812	0.243116
-0.372658	0.902846	0.212079
-0.385267	0.867445	0.211594
-0.377508	1.07161	0.0651405
-0.257241	1.04251	-0.092467
-0.175285	1.09246	-0.193336
-0.170921	0.906725	-0.129808
-0.331923	1.00711	-0.0624003
-0.357625	1.04251	-0.162784
-0.184499	0.963949	-0.24765
-0.195168	0.926123	-0.188971
-0.22378	0.895087	-0.143386
-0.214081	0.86308	-0.139507
-0.218446	1.16569	-0.214188

-0.976416	0.161848	-0.0750089
-0.976901	0.164758	-0.064825
-0.978841	0.162333	-0.0614304
-0.969142	0.158939	-0.064825
-0.979326	0.161848	-0.0716143
-0.971567	0.163788	-0.0706444
-0.982721	0.164273	-0.074524
-0.963808	0.156514	-0.0730691
-0.953139	0.151664	-0.06531
-0.964778	0.124507	-0.0788885
-0.980296	0.10414	-0.038638
-0.967687	0.046431	-0.0410627
-0.992904	0.0483708	-0.0701595
-0.964778	0.0386719	-0.10847
-1.03267	0.0532203	-0.137082
-0.987085	0.0857117	-0.0580358
-0.905129	0.0454612	-0.0798584
-1.00939	0.0294579	-0.11138
-0.975931	0.1022	-0.168603
-1.02879	0.162818	-0.0696745
-1.07341	0.23265	-0.0527014
-1.0157	0.347098	-0.113805
-0.945865	0.396562	-0.0260294
-0.738308	0.346613	0.00694696
-0.72182	0.479973	-0.0134208
-0.772739	0.753482	-0.10944
-0.769829	0.650674	0.0927824
-0.691753	0.63661	0.0554416
-0.641319	0.699653	0.015191
-0.602038	0.755907	-0.0153606
-0.615131	0.832044	-0.00275196
-0.481286	0.981407	-0.074039
-0.840631	0.782579	-0.00275196
-0.665566	0.770455	-0.0158455
-0.643743	0.740389	-0.0143907
-0.597188	0.843682	0.060776
-0.348896	0.968798	0.060291
-0.195653	0.971223	0.132548
-0.172861	1.01875	0.129638
-0.246088	0.90915	0.113635
-0.211656	0.943581	0.0287695
-0.168981	0.976558	-0.00760142
-0.279064	0.982377	0.060291
-0.230084	0.927578	0.069505
-0.2199	0.921759	0.0355588
-0.234934	1.04687	0.0103416
-0.291672	0.927578	0.069505
-0.310585	0.930003	-0.0813132
-0.374598	1.2651	-0.294689
-0.441036	0.86502	-0.100711
-0.35811	0.72875	-0.0720992
-0.282459	0.821375	-0.170543
-0.314465	0.888297	-0.128838
-0.356655	0.922728	-0.0541562
-0.346471	0.893632	-0.0250595

-0.861484	0.466879	-0.0808283
-0.836267	0.348552	-0.166664
-1.01764	0.339823	-0.0716143
-0.974961	0.268051	0.0316792
-0.937136	0.244289	-0.0599756
-0.974961	0.332549	-0.0987713
-0.918708	0.309272	-0.0410627
-0.881852	0.255443	-0.0478519
-0.986115	0.242349	-0.0265143
-1.00018	0.208888	-0.0148756
-1.0123	0.157484	-0.0231197
-0.996784	0.116263	-0.0187552
-1.02006	0.10317	-0.0929519
-1.0317	0.0983203	-0.153085
-1.02103	0.0857117	-0.137567
-0.900765	0.0401267	-0.10653
-0.929861	0.0129698	-0.100226
-1.00551	0.0115149	-0.148236
-1.01618	0.00181601	-0.103136
-1.06856	0.000846122	-0.133687
-1.12238	0.0585547	-0.0987713
-1.14954	0.108019	-0.0881025
-0.903189	0.0401267	-0.0299089
-0.760615	0.0367321	-0.0410627
-0.979811	0.217132	-0.0881025
-1.02006	0.192885	0.0234351
-0.886701	0.136631	-0.00857131
-0.921132	0.200159	-0.0866476
-0.960413	0.214222	-0.092467
-0.953624	0.166698	-0.0211799
-0.958473	0.209858	-0.0750089
-1.05546	0.172032	-0.0551261
-0.989995	0.176397	-0.0628853
-0.937136	0.211798	-0.0701595
-0.943925	0.136146	-0.0750089
-1.06953	0.121598	-0.0507616
-0.925497	0.181246	-0.0119659
-0.90125	0.231195	-0.000812176
-0.825113	0.256413	0.0486523
-0.636954	0.27969	-0.0269993
-0.596704	0.503735	-0.0347584
-0.782923	0.925153	-0.0866476
-0.81105	1.10507	-0.0764638
-0.425033	1.01826	-0.228737
-0.168011	1.00759	-0.11041
-0.363444	0.979952	0.146611
-0.500684	0.932427	0.135943
-0.299432	1.0944	-0.0958616
-0.176255	1.06482	-0.187516
-0.218931	0.972678	-0.172483
-0.231539	1.15502	-0.219038
-0.236874	0.90624	-0.0619154
-0.155888	0.893147	-0.0318487
-0.129701	1.21855	-0.0177853
-0.277124	0.904301	0.203835

-0.972537	0.128872	-0.147266
-0.967687	0.130812	-0.143871
-0.967202	0.124992	-0.148721
-0.968172	0.118203	-0.134172
-0.954594	0.110444	-0.1526
-0.993389	0.0910461	-0.174423
-0.995814	0.0595246	-0.209824
-1.04334	0.0663138	-0.188486
-0.961383	0.0236386	-0.137082
-0.940045	0.00424074	-0.170058
-0.98466	0.0343074	-0.198185
-0.990965	0.046431	-0.173938
-1.00988	0.0537052	-0.185092
-1.07825	0.0963805	-0.165209
-1.08359	0.0837719	-0.127383
-0.976416	0.0294579	-0.0556111
-0.848391	0.0226687	-0.0871326
-0.859059	0.0764977	-0.0910121
-0.969142	0.125477	-0.0822831
-1.04237	0.1473	-0.0711293
-0.977871	0.119658	-0.0279692
-0.913373	0.106564	-0.0265143
-0.925497	0.169607	-0.0784035
-0.981751	0.23362	-0.0628853
-0.970112	0.266597	-0.0522165
-0.944895	0.270476	-0.0638552
-0.960898	0.299573	-0.0779186
-0.94538	0.286479	-0.0575509
-0.993874	0.299573	-0.0522165
-0.900765	0.330609	-0.0905272
-0.922102	0.291814	-0.0507616
-0.966232	0.306847	-0.114774
-0.933256	0.292784	-0.0725842
-0.701452	0.407716	-0.0628853
-0.733458	0.524103	0.0685351
-0.585065	0.602179	-0.0153606
-0.708241	0.740874	0.096662
-0.611737	0.901391	-0.082768
-0.455584	1.05027	-0.028939
-0.322224	1.11816	-0.0245745
-0.265485	1.15308	0.0370136
-0.274214	0.978982	0.0438029
-0.3552	1.02893	-0.106045
-0.379448	0.933882	-0.0716143
-0.300886	0.855806	-0.0706444
-0.336288	0.953765	-0.103136
-0.213596	0.852411	-0.10653
-0.22184	0.970253	-0.11332
-0.293127	0.981407	-0.0352433
-0.3552	0.872294	0.0496222
-0.386237	0.913999	0.0641706
-0.369264	0.927578	0.0462276
-0.371204	1.0847	0.0447728
-0.367324	1.32038	0.0282846
-0.218931	0.54932	0.223718
-0.207777	0.647764	0.0583512

-0.957018	0.19434	-0.0696745
-0.962353	0.204039	-0.0701595
-0.961383	0.198219	-0.0546412
-0.972052	0.200159	-0.0696745
-0.968657	0.190945	-0.064825
-0.972537	0.184156	-0.0706444
-0.973022	0.169607	-0.0759788
-0.960898	0.184156	-0.0759788
-0.975931	0.190945	-0.06531
-0.974476	0.18755	-0.056096
-0.979326	0.169122	-0.0454272
-0.965747	0.143905	-0.0313638
-0.982236	0.122568	-0.0425175
-0.985145	0.0818321	-0.0342735
-0.978356	0.0900762	-0.083253
-0.977386	0.0866816	-0.202065
-1.00357	0.123537	-0.15745
-0.892521	0.05613	-0.0677347
-0.911433	0.0697085	-0.130293
-0.996299	0.0997751	-0.171028
-1.02055	0.112384	-0.100226
-1.08407	0.104625	-0.116229
-1.1413	0.146815	-0.0798584
-1.07147	0.137116	-0.10847
-0.915798	0.10026	0.00258245
-0.774194	0.0435214	-0.028939
-1.05983	0.223921	-0.092467
-1.06807	0.167183	-0.00323691
-0.931316	0.132266	0.00403728
-0.929861	0.142935	-0.0750089
-0.964778	0.164273	-0.047367
-0.934711	0.153119	-0.0400928
-0.926952	0.172032	-0.0817982
-1.02782	0.336914	-0.123019
-0.904644	0.298118	-0.0784035
-0.836267	0.364556	-0.0881025
-0.877002	0.401412	-0.0687046
-0.927922	0.567748	-0.194791
-1.03364	0.448451	-0.0842229
-0.941985	0.363586	-0.147266
-0.85324	0.351462	-0.11332
-1.00842	0.340793	-0.107015
-0.973507	0.260777	-0.00469174
-0.757706	0.336429	-0.126898
-0.749461	0.474153	-0.0512466
-0.635014	0.562414	-0.046882
-0.608342	0.687045	-0.0376681
-0.62871	0.957645	-0.0323337
-0.337257	1.08228	-0.126898
-0.209717	1.00323	-0.0100262
-0.364414	0.948916	0.180073
-0.555483	0.956675	0.232447
-0.44443	0.945036	0.0724147
-0.322709	0.955705	-0.0459122
-0.336772	1.1909	-0.0934369
-0.2199	0.780154	-0.0444573

-0.923072	0.304907	-0.0973164
-0.910948	0.328185	-0.0934369
-0.925982	0.340308	-0.0866476
-0.940045	0.338369	-0.0914971
-0.949744	0.333519	-0.0895573
-0.924042	0.301998	-0.0934369
-0.929376	0.307332	-0.112835
-0.929861	0.307332	-0.131263
-0.921617	0.312181	-0.124473
-0.94344	0.305877	-0.110895
-0.928407	0.293269	-0.103621
-0.954109	0.270476	-0.121079
-0.981266	0.251563	-0.174423
-0.98369	0.256898	-0.1075
-0.94635	0.23362	-0.0779186
-0.900765	0.214707	-0.105561
-0.930831	0.178821	-0.165209
-0.956534	0.295208	-0.113805
-0.961868	0.292784	-0.0517315
-0.971082	0.275326	-0.0687046
-0.966717	0.332549	-0.15745
-1.05546	0.343703	-0.150176
-0.934711	0.294238	0.0214953
-0.85227	0.244774	0.0457426
-0.757221	0.220042	0.00646201
-0.846936	0.351462	-0.0784035
-0.884276	0.405776	-0.00517669
-0.76692	0.358736	0.138367
-0.683994	0.383953	0.0447728
-0.6709	0.526043	-0.0260294
-0.660231	0.668132	-0.0216649
-0.72085	0.769486	0.0622308
-0.679144	0.849987	0.00549212
-0.651502	0.856291	-0.00323691
-0.659746	0.900906	0.00355234
-0.600583	0.915454	0.0277996
-0.797956	0.886842	0.0185857
-0.618041	0.946976	-0.0197251
-0.573426	1.03669	-0.123504
-0.340652	1.10119	0.024405
-0.385752	1.09391	0.100057
-0.349866	1.0653	0.0796889
-0.342592	0.971708	0.0922975
-0.240268	0.924183	0.0224652
-0.217961	0.876174	0.0733846
-0.246572	0.894117	0.0505921
-0.301856	0.903331	0.0636856
-0.27082	0.901876	-0.0100262
-0.27276	0.923213	-0.00711647
-0.324649	1.03281	0.0205254
-0.296037	0.848532	0.0593211
-0.27179	0.930973	-0.0633702
-0.335803	1.00953	-0.0798584
-0.357625	0.791793	-0.0337885
-0.277124	0.784519	-0.0512466
-0.22669	0.914484	-0.0963465

-0.931316	0.268536	-0.0847078
-0.938106	0.270476	-0.0720992
-0.93956	0.268051	-0.0706444
-0.94441	0.262232	-0.0619154
-0.939075	0.265142	-0.0624003
-0.948774	0.279205	-0.0672498
-0.94732	0.268051	-0.0580358
-0.94344	0.260292	-0.0507616
-0.94732	0.229256	-0.0318487
-0.955564	0.211798	-0.0143907
-0.951684	0.179791	-0.0265143
-0.948289	0.193855	-0.0308788
-0.94732	0.23265	-0.0876175
-1.08068	0.180761	-0.105076
-0.965747	0.2375	-0.0400928
-0.821233	0.129842	-0.0459122
-0.968657	0.169607	-0.141447
-0.941985	0.240409	-0.161329
-0.94053	0.23556	-0.0769487
-1.0123	0.260292	-0.0371831
-1.06904	0.32188	-0.108955
-0.947804	0.286479	-0.0299089
-0.844511	0.287934	-0.0459122
-0.76304	0.237985	-0.0173003
-0.948289	0.316546	-0.074524
-0.963323	0.268536	0.0583512
-0.794077	0.208888	0.0932673
-0.846936	0.306847	0.0438029
-0.827053	0.394622	-0.0042068
-0.726669	0.417415	-0.0221498
-0.772254	0.63758	-0.0260294
-0.687388	0.752997	-0.0430025
-0.606402	0.840773	0.00500718
-0.746067	0.897511	0.0680502
-0.720365	0.878598	0.0733846
-0.754311	0.864535	0.0559265
-0.81105	0.847562	-0.0391229
-0.615616	0.932912	0.0753243
-0.750916	0.880538	-0.00760142
-0.514263	1.04784	-0.00808637
-0.377508	0.998865	0.000157716
-0.377508	1.01535	0.0617459
-0.335318	0.914484	0.0704749
-0.434732	0.965889	0.033134
-0.278094	1.02166	-0.00517669
-0.209717	0.986741	0.0704749
-0.387207	0.90721	0.183467
-0.346956	0.875204	0.146126
-0.320769	0.868415	0.0539867
-0.270335	0.854351	-0.0303939
-0.232509	0.969283	-0.131748
-0.208747	0.927093	-0.118654
-0.177225	0.793248	-0.0420326
-0.173831	1.30099	-0.105561

-0.817354	0.429053	-0.123988
-0.724244	0.446512	-0.279656
-0.862939	0.446512	-0.275777
-0.860029	0.386863	-0.19867
-0.927922	0.349037	-0.0861627
-0.921132	0.255928	-0.064825
-0.966717	0.205493	-0.0706444
-1.00891	0.248654	-0.074524
-0.84936	0.187065	-0.00469174
-0.94441	0.181731	0.00403728
-1.00115	0.157969	-0.127383
-1.17621	0.178821	-0.00614658
-0.98369	0.0304278	0.0103416
-1.00794	0.0551601	-0.0551261
-0.996299	0.0410966	-0.0274842
-0.977871	0.0250934	-0.00323691
-0.984175	0.0488558	-0.0153606
-0.991935	0.0551601	-0.0221498
-1.00842	0.0609794	-0.0342735
-1.038	0.0779525	-0.0240896
-1.10008	0.133721	-0.0507616
-0.98854	0.147785	-0.0497917
-0.886701	0.152634	-0.0439724
-0.954594	0.162818	-0.129323
-1.04867	0.187065	-0.221948
-0.958958	0.178821	-0.0153606
-0.89737	0.172517	-0.0362132
-0.885246	0.18658	-0.0861627
-0.943925	0.246229	-0.0769487
-0.94441	0.289389	-0.0376681
-0.866334	0.295208	-0.0124509
-0.848875	0.271446	0.0486523
-0.851785	0.468819	0.0239201
-0.797956	0.587146	0.0224652
-0.871183	0.620607	0.0413781
-0.815899	0.68268	0.108301
-0.790197	0.646309	0.130123
-0.793592	0.54835	0.170859
-0.744612	0.581811	0.128183
-1.01133	0.688985	0.20529
-0.858089	0.756392	0.182497
-0.442006	0.870354	0.0806588
-0.389147	0.869869	0.116545
-0.525901	0.870839	0.199955
-0.422123	0.90915	0.0986018
-0.517172	0.880053	0.113635
-0.475467	0.801492	0.197046
-0.412424	0.918364	0.119454
-0.426972	0.946976	0.161645
-0.382357	0.913514	0.0568964
-0.437641	0.949885	0.0632007
-0.36296	0.997895	-0.00760142
-0.274699	0.962494	-0.0323337
-0.328528	0.926608	0.0282846
-0.36005	0.874234	0.0564115
-0.392056	0.86308	0.087448
-0.417274	0.91012	0.11315
-0.45219	1.05706	0.142247
-0.344047	0.865505	0.146611

-0.957018	0.18852	-0.109925
-0.970597	0.18852	-0.10653
-0.969627	0.179791	-0.123504
-0.954109	0.157969	-0.121079
-0.971082	0.144875	-0.11429
-0.955564	0.14342	-0.112835
-0.949744	0.139541	-0.115259
-0.987085	0.122083	-0.103621
-0.94732	0.0852267	-0.135627
-1.00697	0.0988052	-0.193336
-0.980781	0.110929	-0.113805
-0.940045	0.108504	-0.11429
-0.957503	0.134206	-0.176363
-0.979811	0.140026	-0.161329
-1.022	0.140511	-0.182667
-1.06419	0.160878	-0.0861627
-0.967687	0.131782	-0.0774336
-0.931801	0.203069	-0.116714
-0.870698	0.200644	-0.0851928
-0.876517	0.14924	0.00500718
-0.998724	0.18658	-0.0502767
-1.07874	0.205493	-0.00711647
-0.938591	0.14536	0.0462276
-0.939075	0.168637	-0.0042068
-0.973507	0.189975	0.00355234
-0.925497	0.163303	0.00937169
-0.909979	0.220042	-0.0337885
-0.896885	0.294723	0.00403728
-0.923072	0.390743	-0.0328186
-0.911918	0.494036	-0.0299089
-0.840631	0.568233	-0.0478519
-0.851785	0.571143	0.0311943
-0.801351	0.593935	0.0462276
-0.813959	0.541561	0.00937169
-0.845481	0.547865	0.00743191
-0.947804	0.622547	-0.00178207
-0.874578	0.59539	0.0161609
-0.791652	0.656493	-0.0284541
-0.702422	0.720021	0.0714448
-0.459949	0.800522	-0.00032723
-0.682054	0.701593	0.0889028
-0.642773	0.569688	0.0879329
-0.633074	0.710322	0.0229502
-0.652472	0.832529	0.0796889
-0.611737	0.958614	0.0200405
-0.53657	1.04978	0.0564115
-0.440066	0.985772	0.178133
-0.232994	0.948431	0.0758093
-0.27082	0.924183	0.11509
-0.309615	0.858716	0.078719
-0.291672	0.881993	0.015676
-0.228629	0.971223	-0.0624003
-0.212626	0.914484	-0.0599756
-0.17577	1.04009	-0.153085
-0.228629	1.16569	-0.082768
-0.254332	0.991106	0.0302244
-0.254332	1.0299	-0.010996

-0.934711	0.0444913	-0.0837379
-0.98757	0.0634042	-0.0488218
-0.98951	0.0595246	-0.0347584
-1.00066	0.0546751	-0.0396079
-1.00939	0.0551601	-0.0434874
-0.99048	0.0585547	-0.029424
-0.996784	0.0677687	-0.0347584
-0.996784	0.0624343	-0.0454272
-0.994359	0.0614644	-0.047367
-0.986115	0.0498257	-0.0483369
-0.972537	0.0503106	-0.0308788
-0.971567	0.0357622	-0.0255444
-0.994359	0.0134547	-0.00275196
-0.997269	-0.0224313	0.00646201
-1.01473	-0.024856	-0.0410627
-1.02588	-0.015642	-0.0517315
-1.0317	-0.015642	-0.120109
-0.964778	-0.00836785	-0.0497917
-0.909494	-0.0651065	-0.0546412
-0.964778	-0.0495883	-0.100226
-0.999694	-0.0166119	-0.0580358
-1.02297	-0.0209764	-0.0415476
-1.09135	-0.0297055	-0.0342735
-1.05401	0.0357622	-0.0817982
-1.08262	0.0216988	-0.0376681
-0.85033	-0.0282506	-0.0173003
-0.833357	-0.0117625	0.0505921
-0.920162	0.0590396	-0.0556111
-1.04916	0.134691	0.0501072
-0.938591	0.0619493	0.0976319
-0.923072	0.160393	0.0588362
-0.948774	0.246714	0.0210104
-0.980781	0.284055	0.0792039
-0.918223	0.486277	-0.0255444
-0.824143	0.538651	-0.0042068
-0.830932	0.549805	0.0263448
-0.786317	0.616728	0.132548
-0.731519	0.670072	0.117515
-0.76595	0.668132	0.124789
-0.80329	0.6434	0.130608
-0.76304	0.691894	0.120909
-0.997269	0.624002	0.172798
-0.831417	0.807796	0.135943
-0.341622	0.91303	0.0748394
-0.368294	0.95716	0.0457426
-0.45122	0.978012	0.0990867
-0.432792	0.889752	0.00258245
-0.526386	0.943581	0.0142212
-0.562272	0.95328	0.0753243
-0.464798	1.09779	-0.0105111
-0.418243	1.10458	-0.0337885
-0.426487	0.971223	-0.0410627
-0.295552	0.897996	-0.100711
-0.228145	0.897511	-0.144356
-0.260636	0.852411	-0.082768
-0.303311	0.876659	-0.0105111
-0.31204	0.937277	0.0418631
-0.308646	1.06094	0.00452223
-0.349381	0.897026	-0.00663153
-0.277609	0.86211	-0.0910121
-0.393996	0.941641	-0.064825

-0.979811	0.0978353	-0.0895573
-0.98466	0.091531	-0.0691896
-0.99048	0.0847418	-0.0672498
-0.995329	0.0813472	-0.0711293
-0.975931	0.0803773	-0.0696745
-0.987085	0.0881364	-0.0779186
-0.975446	0.0803773	-0.0774336
-0.98369	0.0789224	-0.0851928
-0.94441	0.0580698	-0.0677347
-0.964778	0.046431	-0.101681
-0.984175	0.0338224	-0.115259
-1.04576	0.038187	-0.142901
-0.961868	0.00472569	-0.0483369
-0.923072	-0.0311603	-0.0667648
-0.995329	-0.0219463	-0.115744
-1.01279	0.00812031	-0.083253
-1.02297	0.0168493	-0.0497917
-1.04043	-0.00982269	-0.0444573
-1.07292	0.0275182	-0.0716143
-1.02006	0.0401267	0.0413781
-0.849845	-0.015642	0.0568964
-0.794561	-0.0132173	0.119454
-1.0511	0.134206	0.0433179
-1.06565	0.222466	0.0491373
-1.07729	0.362616	0.132548
-0.931316	0.457665	-0.0173003
-0.855665	0.54932	0.0986018
-0.780498	0.603634	0.120909
-0.683994	0.662312	0.170374
-0.644228	0.648249	0.182497
-0.638894	0.714202	0.179103
-0.714545	0.650189	0.227597
-0.833842	0.581326	0.183952
-1.02928	0.549805	0.238266
-0.884276	0.675406	0.197046
-0.635984	0.753482	0.0733846
-0.460919	0.86114	0.139822
-0.514748	0.787913	0.222263
-0.604948	0.628851	0.268333
-0.571971	0.653583	0.100057
-0.546269	0.736509	0.121879
-0.63259	0.81992	0.256694
-0.561302	1.01584	0.228567
-0.439581	1.03863	0.141762
-0.4454	0.980922	0.122364
-0.407575	0.959099	0.0646555
-0.365869	0.95328	-0.0153606
-0.290218	0.966859	-0.0934369
-0.212141	0.993531	-0.208854
-0.216021	0.959099	-0.206914
-0.213111	0.95813	-0.238921
-0.213596	1.14144	-0.306813
-0.18159	0.749603	-0.137082
-0.139884	0.754452	-0.165209
-0.156857	1.14289	-0.163269
-0.326104	1.15793	0.0855082
-0.436186	0.924183	0.240691
-0.395451	0.924668	0.0821136
-0.31495	0.904301	0.0321642

-0.927922	0.351462	-0.074039
-0.915313	0.36601	-0.0691896
-0.925497	0.375224	-0.0842229
-0.857604	0.403836	-0.0333036
-0.934226	0.490642	-0.0973164
-0.870213	0.499856	0.015676
-0.847906	0.559989	0.02489
-0.775164	0.515859	-0.00469174
-0.828508	0.499371	0.00743191
-0.98854	0.526043	-0.0585208
-0.957018	0.460575	-0.0139057
-0.893975	0.332549	-0.0784035
-1.06031	0.337399	-0.140477
-0.867303	0.176397	-0.0657949
-0.885246	0.168637	-0.115259
-0.927437	0.156999	-0.0953766
-0.950229	0.0958955	-0.0837379
-1.06613	0.159423	-0.137082
-0.964293	0.157969	-0.100226
-0.869243	0.120628	-0.0478519
-0.942955	0.167183	-0.0944068
-1.03752	0.23847	-0.123019
-0.932286	0.174457	0.00743191
-1.10881	0.380074	-0.092467
-0.935681	0.299573	-0.0318487
-0.794561	0.335944	-0.0643401
-0.826568	0.358736	0.0471975
-0.622406	0.460575	-0.0725842
-0.797956	0.639035	0.0374986
-0.651502	0.542046	0.015191
-0.642773	0.625942	0.0539867
-0.559848	0.6434	0.0486523
-0.558393	0.77288	0.00306739
-0.553058	0.955705	0.0370136
-0.578276	1.00129	-0.0105111
-0.426487	0.976558	0.0476824
-0.414364	0.995955	0.0738695
-0.278094	1.04009	0.0360437
-0.529781	1.18557	0.0147061
-0.593309	1.06385	-0.0328186
-0.334348	1.02457	-0.0527014
-0.391086	1.01778	0.0210104
-0.339197	0.95522	0.0544717
-0.296037	0.887327	0.0345889
-0.285368	0.819435	0.0559265
-0.321254	0.853381	0.0724147
-0.393996	0.701108	0.202865
-0.390117	0.644854	0.168434
-0.403695	1.05415	-0.0400928
-0.606887	1.21806	0.0651405
-0.500684	0.940672	-0.00372185
-0.211171	0.834953	-0.124958
-0.317375	0.974618	-0.0231197
-0.442006	1.04348	-0.0512466
-0.318345	1.06045	-0.174423
-0.259181	1.03863	-0.224857
-0.251422	0.948431	-0.1977
-0.232509	0.895087	-0.190426
-0.213111	0.843197	-0.202065

-0.965263	0.289874	-0.0662799
-0.944895	0.263687	-0.0609455
-0.94635	0.259322	-0.0856777
-0.945865	0.269506	-0.0948917
-0.950229	0.275811	-0.0895573
-0.953624	0.285994	-0.0939218
-0.917253	0.272416	-0.0905272
-0.939075	0.271931	-0.0953766
-0.947804	0.27775	-0.083253
-0.942955	0.265627	-0.0624003
-0.950714	0.255928	-0.0706444
-0.94344	0.246229	-0.0633702
-0.965747	0.256898	-0.0614304
-0.953139	0.222951	-0.0405777
-0.915798	0.19143	-0.0488218
-0.971082	0.224406	-0.130293
-1.006	0.250108	-0.0643401
-0.867788	0.149725	-0.0342735
-0.918708	0.1473	-0.125928
-0.971082	0.19337	-0.102166
-0.973992	0.201614	-0.0410627
-1.05401	0.212283	-0.0459122
-1.13111	0.261747	0.0408932
-1.17912	0.173972	-0.0594906
-0.905129	0.194825	-0.0391229
-0.75916	0.172032	-0.119624
-0.810565	0.165728	-0.056581
-0.887671	0.217617	0.0132513
-0.955079	0.317516	-0.0396079
-0.857604	0.345643	0.0806588
-0.730064	0.321395	0.00985664
-0.666051	0.438752	-0.0192401
-0.605917	0.513434	-0.0638552
-0.687873	0.736024	-0.0192401
-0.609312	0.781124	0.0287695
-0.54239	0.979467	-0.0987713
-0.511838	0.937277	0.00888674
-0.522022	0.994016	-0.0352433
-0.571486	1.03718	0.0908426
-0.540935	1.09537	0.0457426
-0.613677	1.09391	0.0297394
-0.528811	1.16084	0.0578663
-0.175285	1.14435	-0.0240896
-0.270335	1.09003	0.0656254
-0.248997	1.06773	0.0719297
-0.281974	0.932912	0.0462276
-0.324164	0.795188	0.0171308
-0.416304	0.795188	0.0365287
-0.462373	0.759787	0.0670803
-0.376538	0.857261	0.0185857
-0.332893	0.82186	-0.0192401
-0.363929	0.935822	-0.0405777
-0.36102	1.01875	-0.0269993
-0.337257	0.948916	-0.0507616
-0.305251	0.843197	-0.0900422
-0.335318	0.984317	-0.139992
-0.319314	0.895571	-0.132717

-0.94344	0.2375	-0.0842229
-0.951684	0.248169	-0.0856777
-0.94635	0.244774	-0.0808283
-0.981266	0.253018	-0.083253
-0.959443	0.240894	-0.0735541
-0.953624	0.236045	-0.0914971
-0.958958	0.237985	-0.0871326
-0.9415	0.255443	-0.083253
-0.948774	0.259807	-0.0910121
-0.945865	0.248169	-0.0759788
-0.94053	0.245259	-0.0725842
-0.957503	0.226346	-0.0347584
-0.932286	0.186096	-0.0352433
-1.00212	0.201129	-0.0968315
-1.04043	0.211313	-0.162784
-0.935196	0.19434	-0.0638552
-0.875063	0.151179	-0.0968315
-0.939075	0.179306	-0.146781
-1.02734	0.23653	-0.139507
-0.98466	0.210828	-0.0750089
-0.997269	0.183186	-0.152115
-1.11511	0.301513	-0.101196
-1.01424	0.220527	-0.0881025
-0.924527	0.239925	-0.0148756
-0.80329	0.18755	-0.0168154
-0.873123	0.220527	-0.00808637
-1.25623	0.19046	0.106846
-0.887671	0.242834	-0.0100262
-0.818809	0.0876515	0.0937523
-0.829478	0.0925009	-0.0337885
-0.544329	0.3277	0.0147061
-0.641803	0.400442	-0.0425175
-0.856635	0.503735	0.000157716
-0.506988	0.693349	-0.0173003
-0.515233	0.668617	0.0898727
-0.502139	0.763666	0.0224652
-0.284883	1.05463	-0.0590057
-0.318829	0.958614	0.0530168
-0.365869	1.07306	0.0171308
-0.361505	1.1298	-0.0177853
-0.393511	1.12932	0.00258245
-0.355685	1.10555	-0.0250595
-0.36199	1.03233	-0.0342735
-0.352291	1.00468	-0.0362132
-0.356655	1.14774	-0.0958616
-0.326589	1.18363	-0.0730691
-0.218931	1.21806	-0.0633702
-0.205837	1.20448	-0.0788885
-0.212141	1.18363	-0.0953766
-0.170436	1.11283	-0.0784035
-0.195168	0.972678	-0.0197251
-0.114667	0.897026	0.0282846
-0.179165	0.81507	0.0360437

-0.860999	0.422264	-0.0672498
-0.927922	0.419355	-0.0318487
-0.905129	0.41208	-0.0265143
-0.874578	0.408686	0.00694696
-0.888641	0.450876	-0.0274842
-0.870698	0.437298	-0.0405777
-0.865364	0.448451	-0.0531863
-0.878457	0.454756	-0.028939
-0.876517	0.450391	-0.0284541
-0.903674	0.449421	-0.0337885
-0.911433	0.414505	-0.0546412
-0.904159	0.393167	-0.0934369
-0.916283	0.375224	-0.0871326
-0.832387	0.351462	-0.0779186
-0.866334	0.359706	-0.0987713
-1.00357	0.375224	-0.0303939
-0.890096	0.212768	0.100542
-1.00891	0.121598	0.00937169
-1.006	0.111899	-0.00566164
-0.981751	0.116748	0.0583512
-0.932286	0.0701934	0.133033
-0.966232	0.162818	0.0622308
-0.814444	0.134206	0.0530168
-1.05449	0.336429	-0.00178207
-0.770314	0.302483	-0.0173003
-0.810565	0.429053	-0.0260294
-0.598158	0.623032	-0.0643401
-0.57973	0.676376	0.0132513
-0.355685	0.662797	0.0772641
-0.434247	0.95134	-0.0352433
-0.278094	0.981407	-0.0221498
-0.295067	0.976558	0.0263448
-0.328043	1.04833	0.0442878
-0.268395	1.15017	0.0491373
-0.325134	1.11622	-0.000812176
-0.352776	1.04542	0.0593211
-0.340167	0.986256	0.015191
-0.303796	0.977042	-0.0095412
-0.367324	0.978012	0.137882
-0.185469	1.05657	0.0830835
-0.327558	1.25977	0.0433179
-0.0322264	1.41543	0.0292545
0.0468198	1.37761	0.0864781
0.0162682	1.26898	0.0680502
-0.0676274	1.21418	0.00306739
-0.13455	0.991591	0.0355588
-0.18353	0.766576	0.0224652
-0.294097	0.694319	-0.0216649
-0.265485	0.646309	-0.02021
-0.345501	0.698198	0.0239201
-0.299432	0.755907	-0.0187552
-0.344532	0.861625	-0.0303939
-0.341622	1.05657	-0.100711
-0.420668	1.03621	-0.0260294
-0.346956	0.81992	0.00694696
-0.276639	0.699168	0.0210104

-0.930346	0.286479	-0.0614304
-0.959443	0.299573	-0.0711293
-0.941985	0.287934	-0.0536713
-0.954594	0.291814	-0.0425175
-0.961383	0.299088	-0.0478519
-0.94344	0.298118	-0.056581
-0.903674	0.260777	-0.0541562
-0.952169	0.202584	-0.0333036
-0.930831	0.14924	-0.0463971
-1.08359	0.255928	-0.172483
-0.911433	0.181731	0.0481674
-0.860514	0.124507	-0.00905626
-0.909009	0.189005	-0.0750089
-0.887186	0.254473	-0.107985
-0.944895	0.325275	-0.105561
-0.935196	0.377649	-0.0614304
-0.85033	0.388803	-0.028939
-0.852755	0.531377	-0.0299089
-0.6258	0.444087	0.130608
-0.57973	0.59733	0.0641706
-0.609312	0.874234	0.0345889
-0.502139	0.710807	0.0898727
-0.441036	0.77385	0.0389534
-0.286823	0.865505	0.0622308
-0.317375	0.983347	0.166009
-0.369264	0.970738	0.124304
-0.328043	1.14968	0.0612609
-0.278094	1.10555	0.0840534
-0.242693	1.06821	0.051077
-0.210202	1.04687	0.00743191
-0.22572	1.00759	0.0234351
-0.129701	1.0556	0.0457426
-0.268395	1.21661	0.0758093
-0.224265	1.27043	0.108786
0.018693	1.3296	0.0612609
0.0487596	1.23164	0.0646555
-0.0298016	1.13271	0.138852
-0.118547	1.00905	0.106846
-0.103513	0.880053	0.078719
-0.13261	0.77773	0.168434
-0.204382	0.755907	0.150006
-0.185469	0.883933	0.0665953
-0.284883	1.0202	0.051077
-0.383327	0.949885	0.0365287
-0.285368	0.774335	-0.0987713
-0.201957	0.933397	-0.224857
-0.305251	0.969283	-0.125443
-0.313495	1.03087	-0.162784
-0.193713	1.07112	-0.243285
-0.133095	0.91109	-0.194306
-0.199533	0.81604	-0.155995
-0.22669	0.910605	-0.185577
-0.253362	1.07161	-0.15454
-0.215051	0.697714	0.02489

-0.853725	0.493066	-0.10944
-0.871668	0.467364	-0.0968315
-0.872638	0.449421	-0.100226
-0.865364	0.427599	-0.101681
-0.874093	0.417415	-0.0944068
-0.889611	0.416445	-0.0910121
-0.889126	0.437782	-0.0856777
-0.879912	0.421294	-0.0633702
-0.874578	0.439237	-0.074039
-0.84936	0.417415	-0.0866476
-0.888156	0.404806	-0.0847078
-0.98757	0.425174	-0.0371831
-0.909979	0.312181	-0.0599756
-0.885246	0.405291	-0.0517315
-0.929861	0.36795	-0.0720992
-0.85712	0.389288	-0.00905626
-0.830447	0.330609	0.0641706
-0.974961	0.353402	0.00743191
-0.862454	0.295208	0.0210104
-0.891066	0.265142	0.0554416
-0.844996	0.228286	-0.00663153
-0.919677	0.303452	0.042833
-0.876517	0.338853	0.0520469
-0.882337	0.370375	0.0685351
-0.822688	0.382499	0.103936
-0.847421	0.493551	0.0311943
-0.685934	0.566293	-0.0405777
-0.667506	0.760756	-0.0939218
-0.507473	0.7336	-0.064825
-0.398846	0.702078	-0.0177853
-0.430367	0.838833	-0.0119659
-0.290703	0.941156	-0.105561
-0.27179	1.01681	-0.131748
-0.191774	1.08858	-0.0269993
-0.193228	1.06336	-0.0507616
-0.210686	1.09634	-0.038638
-0.206322	1.09052	-0.0546412
-0.27179	1.07015	-0.0226347
-0.277609	1.02505	-0.0173003
-0.307191	1.09003	-0.0105111
-0.324649	1.04251	-0.038638
-0.341137	1.09391	-0.0808283
-0.283913	1.22436	-0.092467
-0.194683	1.26801	-0.0269993
-0.161222	1.18169	-0.00808637
-0.150068	1.02505	-0.0119659
-0.0865403	0.966374	-0.0400928
-0.0996338	0.920304	-0.0488218
-0.147643	0.901391	-0.0143907
-0.098664	0.855806	-0.0657949
-0.147643	0.834953	-0.0352433
-0.13552	0.855806	-0.029424
-0.190319	0.940672	-0.0100262
-0.221355	0.780639	-0.0100262
-0.154433	0.882478	-0.0982863
-0.135035	1.09003	-0.141931
-0.163647	1.08761	-0.0861627
-0.152008	1.05512	-0.0992562
-0.133095	0.972193	-0.123988

-0.979326	0.0449762	-0.0211799
-0.981751	0.046916	-0.0357283
-1.02928	0.0634042	-0.0347584
-1.01812	0.0449762	-0.0211799
-0.962353	0.0406117	-0.046882
-0.982721	0.0566149	-0.0594906
-0.976901	0.0697085	-0.0420326
-0.958473	0.0425515	-0.0274842
-0.962353	0.0183042	-0.0527014
-0.9866	0.0037558	-0.0944068
-1.02976	-0.0389195	-0.137567
-0.959928	-0.0573474	-0.0221498
-0.858089	-0.0854743	-0.0299089
-0.959928	-0.043284	-0.11332
-1.06128	-0.00545818	-0.114774
-1.10444	0.0153945	-0.0362132
-1.25478	0.0440063	-0.0754939
-1.10493	0.0246085	-0.00663153
-1.01909	0.091531	-0.00323691
-0.740248	0.123537	0.0399233
-0.85227	0.132751	-0.0434874
-1.02297	0.107534	0.0612609
-0.98369	-0.0204915	0.11703
-0.920647	-0.0107926	0.033619
-0.936651	0.0701934	-0.0231197
-0.874093	0.117233	-0.0716143
-0.864394	0.156514	-0.0274842
-0.969627	0.18755	-0.0682197
-0.973507	0.328185	-0.0439724
-1.038	0.489187	-0.0628853
-0.772739	0.463485	-0.0434874
-0.784378	0.648734	-0.130293
-0.687388	0.685105	-0.0895573
-0.661686	0.749118	-0.0973164
-0.651502	1.01487	-0.046882
-0.790197	0.791793	-0.129323
-0.647138	0.81507	-0.0687046
-0.726184	0.72681	-0.0478519
-0.764495	0.655038	-0.082768
-0.620466	0.776275	-0.122049
-0.49147	0.81798	-0.182667
-0.779043	0.991591	0.015676
-0.629195	0.855321	-0.0265143
-0.5807	0.802462	0.0583512
-0.497775	0.847562	-0.029424
-0.419698	0.897996	-0.0245745
-0.331923	0.970738	-0.0318487
-0.307191	0.947946	0.0452577
-0.388177	1.03039	0.11703
-0.383327	1.17975	0.111695
-0.262091	0.736509	0.139822
-0.17771	0.807311	0.0258599
-0.233964	0.990621	-0.0265143
-0.308161	0.907695	0.0404082

-1.00842	0.109474	-0.0876175
-0.957988	0.115778	-0.06531
-0.982236	0.14342	-0.0570659
-0.992904	0.151664	-0.0556111
-0.99048	0.150694	-0.0502767
-0.973022	0.133236	-0.0556111
-0.966232	0.128387	-0.0478519
-0.954109	0.123537	-0.0333036
-0.981266	0.10414	-0.0434874
-0.985145	0.0726181	-0.0279692
-1.00163	0.0449762	-0.0396079
-0.968657	0.0435214	-0.0968315
-1.09668	0.116748	-0.170543
-0.9415	0.0769826	-0.0813132
-0.89931	0.0420665	-0.0546412
-0.954109	0.0483708	-0.0934369
-0.985145	0.0474009	-0.113805
-0.926467	-0.0122474	-0.083253
-0.986115	-0.0103076	-0.0585208
-1.07825	0.0357622	-0.0847078
-1.07438	0.0798923	-0.0177853
-1.06419	0.113354	-0.0153606
-0.929376	0.137116	0.0166459
-0.780013	0.27969	-0.000812176
-0.868758	0.464455	-0.0580358
-0.814929	0.557079	-0.0851928
-0.718425	0.557079	-0.0192401
-0.67575	0.638065	-0.0269993
-0.710181	0.697229	0.00937169
-0.696602	0.758332	0.0020975
-0.704846	0.755422	0.0365287
-0.724244	0.677346	0.0268297
-0.754311	0.713232	-0.0357283
-0.969627	0.744268	-0.0788885
-0.8062	0.563868	-0.0333036
-0.739278	0.669587	-0.00226701
-0.835782	0.705473	-0.0614304
-0.706786	0.870839	-0.046882
-0.49147	0.784034	-0.0139057
-0.558878	0.761241	-0.0173003
-0.519112	0.850957	-0.0643401
-0.658777	0.811191	-0.0308788
-0.591854	0.605574	0.0884179
-0.66896	0.675891	-0.00469174
-0.667506	0.757847	-0.0153606
-0.534145	0.86114	-0.0910121
-0.397391	0.875689	-0.0177853
-0.259666	0.997895	-0.147751
-0.159282	1.05172	-0.120594
-0.22766	0.824284	-0.00372185
-0.274699	1.05948	-0.0817982
-0.291672	1.16569	-0.0430025
-0.346956	1.02214	0.042348
-0.345986	0.885388	0.0355588
-0.320769	0.931457	0.00452223

-1.06177	0.109959	-0.074524
-1.00988	0.0847418	-0.0333036
-0.969142	0.0435214	-0.0541562
-0.993389	0.0624343	-0.0284541
-0.948289	0.0474009	0.00985664
-1.02297	0.0566149	0.0132513
-0.995814	0.0352773	-0.00323691
-0.981751	0.00181601	0.00743191
-0.943925	0.0139397	0.00355234
-1.01327	0.0178192	0.051562
-1.02782	-0.0815947	0.042348
-1.04091	-0.116511	-0.0366982
-0.962838	-0.107782	-0.0236046
-1.05158	-0.0641366	-0.11332
-0.919193	-0.0573474	-0.02021
-0.988055	-0.0544377	-0.0269993
-0.967687	-0.0796549	-0.0987713
-0.928891	-0.0539528	-0.0861627
-0.989995	-0.0374646	-0.029424
-1.15536	0.0216988	-0.118169
-1.07971	0.0653439	-0.0633702
-1.01473	0.0575848	-0.0245745
-0.85033	0.0813472	0.0554416
-0.786317	0.199189	-0.0168154
-0.888641	0.385408	-0.0449423
-0.840146	0.375224	-0.0100262
-0.793592	0.394622	0.0122814
-0.813474	0.531862	0.00306739
-0.834327	0.642915	-0.0318487
-0.865849	0.693349	0.0239201
-0.841601	0.693349	-0.00711647
-0.832387	0.629821	-0.0143907
-0.995329	0.671042	-0.0449423
-0.836752	0.495006	-0.00905626
-0.967202	0.558534	-0.0333036
-0.768374	0.563384	-0.0192401
-0.617071	0.650189	0.0122814
-0.623376	0.804402	0.110725
-0.620951	0.840773	0.0772641
-0.531721	0.831559	-0.00178207
-0.533176	0.839318	-0.0231197
-0.525901	0.768516	0.000157716
-0.555483	0.746208	-0.0265143
-0.685934	0.807796	-0.0624003
-0.728609	0.896541	-0.119624
-0.58361	0.81798	-0.132233
-0.433762	0.823799	-0.116714
-0.328043	0.969768	-0.191881
-0.281974	1.20351	-0.255409
-0.291188	0.904301	-0.162299
-0.290218	0.815555	-0.149691
-0.298462	0.899936	-0.169088
-0.268395	0.946976	-0.20352
-0.323679	0.95134	-0.124473

-0.951684	-0.0103076	-0.0575509
-0.986115	-0.00448828	-0.0682197
-0.995814	-0.0331001	-0.0396079
-0.992904	-0.0394044	-0.047367
-0.993874	-0.0476485	-0.0614304
-0.985145	-0.0311603	-0.0643401
-0.993389	-0.0418291	-0.0541562
-0.989025	-0.0452237	-0.0536713
-0.989025	-0.0728657	-0.038638
-0.98757	-0.0942033	-0.0497917
-1.00745	-0.0743205	-0.0774336
-0.985145	-0.0437689	-0.0851928
-1.01715	-0.0457087	-0.146781
-0.994844	-0.0578323	-0.064825
-0.883307	-0.12427	-0.0502767
-0.921617	-0.134454	-0.10944
-0.978841	-0.105357	-0.108955
-0.961868	-0.0854743	-0.0575509
-1.01424	-0.0718958	-0.046882
-1.1059	-0.03407	-0.0303939
-1.022	0.0663138	-0.113805
-0.979326	0.152149	0.0219803
-0.821718	0.172517	0.0665953
-0.865364	0.300543	-0.0328186
-0.923557	0.426144	-0.0352433
-0.915798	0.412565	0.0942372
-0.842086	0.471729	0.042833
-0.799411	0.593935	0.0287695
-0.812504	0.647279	-0.00614658
-0.772739	0.628366	0.0117964
-0.773709	0.644369	0.0166459
-0.752371	0.626911	0.0122814
-0.67575	0.659888	-0.0337885
-0.994359	0.656978	-0.0347584
-0.783893	0.565808	-0.0221498
-0.864394	0.663767	0.101996
-0.840631	0.735054	0.00791685
-0.597188	0.993046	-0.02021
-0.409999	1.00711	0.0539867
-0.4003	0.919819	0.0258599
-0.472072	0.795673	0.0743545
-0.464313	0.724386	-0.00372185
-0.432792	0.771425	-0.091982
-0.442006	0.913514	-0.10847
-0.329983	1.03184	-0.092467
-0.273245	1.04203	-0.0173003
-0.297492	0.974133	0.0214953
-0.26694	1.03233	-0.0240896
-0.253362	1.05027	-0.0706444
-0.31495	0.99838	-0.091982
-0.329498	1.14241	-0.225827
-0.31301	0.897996	-0.148721
-0.325134	0.850472	-0.142416
-0.255302	0.870839	-0.199155

-0.971567	-0.0641366	-0.0119659
-1.02443	-0.0903237	-0.0410627
-0.998724	-0.0670463	-0.0430025
-0.971567	0.00424074	-0.0512466
-1.01909	0.0299429	-0.0095412
-1.01327	0.0396418	-0.00614658
-0.98466	0.0226687	-0.0158455
-1.00066	0.0207289	-0.0250595
-0.962838	0.00860526	-0.0221498
-0.995329	0.0037558	-0.0245745
-0.997754	-0.00788291	0.00985664
-1.00794	-0.0282506	0.0171308
-1.00648	-0.0602571	0.0287695
-0.98466	-0.0922635	0.0224652
-0.955564	-0.108752	-0.0269993
-0.989995	-0.0893538	-0.0871326
-1.0705	-0.0486184	-0.141447
-0.874093	-0.0975979	-0.00905626
-0.894945	-0.145123	-0.0822831
-0.962353	-0.12524	-0.135142
-0.961383	-0.12039	-0.0725842
-1.04188	-0.101477	0.0210104
-1.15973	-0.0209764	-0.0187552
-1.0123	0.0537052	-0.0973164
-0.930831	0.126447	-0.0415476
-0.676235	0.344673	0.0408932
-0.981751	0.694804	-0.0764638
-0.796501	0.687045	0.0568964
-0.664596	0.665222	0.0505921
-0.667506	0.721476	0.0253749
-0.758675	0.747663	0.0680502
-0.774679	0.690924	0.0239201
-0.793107	0.810706	-0.0231197
-0.831902	0.77773	-0.0502767
-0.4905	1.01002	-0.0129358
-0.389147	0.978012	0.0622308
-0.245118	0.90915	0.0893878
-0.305251	0.904301	0.0525319
-0.347926	0.937277	0.0234351
-0.329983	0.990621	-0.0696745
-0.442491	1.12883	-0.138537
-0.500199	1.21806	-0.214188
-0.539965	0.984317	-0.266078
-0.388177	1.18799	-0.393134
-0.45025	1.08955	-0.274807
-0.388662	0.872294	-0.172968
-0.287308	0.902846	-0.195276
-0.241238	0.959099	-0.235041
-0.295067	0.90818	-0.209339
-0.392056	0.86017	-0.11041
-0.481771	0.737479	0.0433179
-0.49438	0.854836	-0.00905626
-0.472072	1.01196	-0.0405777
-0.517172	1.21224	0.0486523
-0.442491	1.09003	0.104906
-0.327558	0.579387	0.193651
-0.345017	1.07985	-0.00275196
-0.335318	0.866475	0.100542
-0.345017	0.749118	0.174738