-0.922985	-0.195564	-0.351135
-0.87985	-0.225128	-0.367614
-0.869673	-0.277956	-0.376822
-0.904083	-0.304128	-0.377791
-0.898267	-0.321091	-0.411233
-0.898267	-0.321091	-0.411233
-0.851256	-0.322545	-0.351135
-0.884697	-0.247907	-0.40784
-0.883243	-0.20865	-0.431104
-0.874034	-0.148068	-0.337565
-0.824599	-0.143706	-0.303639
-0.923954	0.0530652	-0.319633
-0.923954	0.0530652	-0.319633
-0.99326	0.0341635	-0.367129
-0.98696	0.0380408	-0.347743
-0.96515	0.0385255	-0.305093
-0.917654	0.0908685	-0.303154
-0.995199	0.16599	-0.320117
-0.995199	0.16599	-0.320117
-0.940433	0.226573	-0.262928
-0.955457	0.213487	-0.219793
-1.12169	0.0283476	-0.0230219
-1.0204	0.108801	-0.111714
-1.00247	0.111709	-0.411233
-1.00247	0.111709	-0.411233
-1.02961	0.206702	-0.143217
-1.00925	0.216395	-0.0147827
-0.954972	0.261953	-0.178597
-1.12315	0.404442	0.0559774
-0.813937	0.330774	-0.0637331
-0.813937	0.330774	-0.0637331
-0.756747	0.198463	-0.151941
-0.834292	0.359369	-0.090874
-0.816845	0.418013	-0.0608252
-0.791158	0.530938	-0.112684
-0.831385	0.637563	0.000241706
-0.831385	0.637563	0.000241706
-0.659331	0.73401	-0.266805
-1.00828	0.774721	0.0298058
-0.559007	0.892977	-0.159211
-0.627344	0.89637	-0.0937819
-0.528473	0.895885	-0.0487087
-0.528473	0.895885	-0.0487087
-0.531381	0.925934	-0.08942
-0.357389	0.853235	-0.164057

-0.901175	-0.0768231	-0.438374
-0.901175	-0.0768231	-0.438374
-0.872581	-0.0787618	-0.436435
-0.866765	-0.0981481	-0.448552
-0.90166	-0.0908782	-0.417049
-0.90166	-0.0908782	-0.417049
-0.895359	-0.0996021	-0.415595
-0.912807	-0.144675	-0.406386
-0.912807	-0.144675	-0.406386
-0.939948	-0.176178	-0.413172
-0.917654	-0.213981	-0.436435
-0.809575	-0.196049	-0.502833
-0.809575	-0.196049	-0.502833
-0.842047	-0.142252	-0.527551
-0.818299	-0.168908	-0.449521
-0.841078	-0.124804	-0.445644
-0.841078	-0.124804	-0.445644
-0.889059	-0.114142	-0.464061
-0.87985	-0.06713	-0.423349
-0.87985	-0.06713	-0.423349
-0.900206	-0.0249647	-0.430135
-0.869188	0.0273783	-0.346289
-0.861433	0.163083	-0.370522
-0.861433	0.163083	-0.370522
-0.895359	0.241597	-0.331749
-0.932193	0.20961	-0.382153
-0.935586	0.19507	-0.354043
-0.935586	0.19507	-0.354043
-0.875973	0.236751	-0.414625
-0.803759	0.316719	-0.400086
-0.803759	0.316719	-0.400086
-0.946249	0.255168	-0.689427
-0.653515	0.246444	-0.398632
-0.653515	0.246444	-0.398632
-1.0679	0.298302	-0.354528
-0.824115	0.300725	-0.411233
-0.953034	0.324958	-0.352105
-0.953034	0.324958	-0.352105
-0.815391	0.306057	-0.187806
-0.904083	0.451454	-0.158726
-0.733968	0.415105	-0.159211
-0.733968	0.415105	-0.159211
-0.713128	0.507674	-0.2101
-0.669024	0.545478	-0.221247
-0.721367	0.607029	-0.215916
-0.721367	0.607029	-0.215916
-0.641883	0.589582	-0.200407
-0.647699	0.775206	-0.217854
-0.647699	0.775206	-0.217854
-0.712643	0.912364	-0.134009
-0.524111	0.91721	-0.184413
-0.484854	0.878922	-0.121892
-0.484854	0.878922	-0.121892
-0.474676	0.84742	-0.113168
-0.34915	1.10332	-0.311393
-0.126692	0.970523	-0.359375
-0.126692	0.970523	-0.359375
-0.222169	0.912848	-0.222216
-0.275967	0.921572	-0.220278
-0.275967	0.921572	-0.220278
-0.193575	0.896855	-0.277952
-0.17855	0.98894	-0.317694
-0.17855	0.98894	-0.317694
-0.232832	0.947744	-0.188775
-0.10052	0.996694	-0.251296

-0.842047	-0.150976	-0.516888
-0.842047	-0.150976	-0.516888
-0.841562	-0.181509	-0.52852
-0.841562	-0.181509	-0.52852
-0.818783	-0.209619	-0.544998
-0.843986	-0.243061	-0.523189
-0.843986	-0.243061	-0.523189
-0.885182	-0.260024	-0.580863
-0.822661	-0.277472	-0.552753
-0.822661	-0.277472	-0.552753
-0.773226	-0.262447	-0.491201
-0.773226	-0.262447	-0.491201
-0.852225	-0.341446	-0.508164
-0.835746	-0.316244	-0.539667
-0.835746	-0.316244	-0.539667
-0.768864	-0.234337	-0.542575
-0.934132	-0.214951	-0.456791
-0.934132	-0.214951	-0.456791
-0.822661	-0.142252	-0.388454
-0.822661	-0.142252	-0.388454
-0.790673	-0.0996021	-0.459214
-0.895359	-0.0269034	-0.452913
-0.895359	-0.0269034	-0.452913
-0.891482	0.0506419	-0.51398
-0.818783	0.0331942	-0.506711
-0.818783	0.0331942	-0.506711
-1.00053	-0.326422	-0.446128
-0.898267	-0.00654774	-0.561962
-0.898267	-0.00654774	-0.561962
-1.29181	0.1025	-0.368098
-1.29181	0.1025	-0.368098
-0.927347	0.043372	-0.495563
-0.882758	0.00750734	-0.514465
-0.882758	0.00750734	-0.514465
-0.87985	-0.0346579	-0.50041
-0.857071	-0.0375658	-0.487324
-0.857071	-0.0375658	-0.487324
-0.914746	-0.0128483	-0.423834
-0.9162	0.0671203	-0.382153
-0.9162	0.0671203	-0.382153
-0.955457	0.0637277	-0.304123
-0.955457	0.0637277	-0.304123
-0.846409	0.100562	-0.432558
-0.877427	0.108316	-0.336111
-0.877427	0.108316	-0.336111
-0.849802	0.0879606	-0.335626
-0.849802	0.0879606	-0.335626
-0.860464	0.123825	-0.255173
-0.7393	0.252744	-0.448552
-0.7393	0.252744	-0.448552
-0.880335	0.578434	-0.312847
-0.881304	0.685544	-0.182474
-0.881304	0.685544	-0.182474
-0.677263	0.828518	-0.158726
-0.677263	0.828518	-0.158726
-0.55416	0.8891	-0.0831195
-0.480977	0.886192	-0.100082
-0.480977	0.886192	-0.100082
-0.308923	0.916726	-0.102021
-0.220716	0.900247	-0.119469
-0.220716	0.900247	-0.119469
-0.222169	1.00493	-0.196045
-0.222169	1.00493	-0.196045
-0.235255	0.902186	-0.215431
-0.272574	0.967615	-0.261958
-0.272574	0.967615	-0.261958
-0.265304	0.958406	-0.260504
-0.275967	0.920603	-0.294915
-0.275967	0.920603	-0.294915
-0.197937	0.934658	-0.289584

-0.832354	-0.134013	-0.548391
-0.832354	-0.134013	-0.548391
-0.833323	-0.150491	-0.547422
-0.833323	-0.150491	-0.547422
-0.772256	-0.208165	-0.581348
-0.772256	-0.208165	-0.581348
-0.711189	-0.194595	-0.626421
-0.818299	-0.121412	-0.710751
-0.818299	-0.121412	-0.710751
-0.720398	-0.162608	-0.660832
-0.720398	-0.162608	-0.660832
-0.727183	-0.13062	-0.696696
-0.727183	-0.13062	-0.696696
-0.748023	-0.139344	-0.653562
-0.771772	-0.122866	-0.607035
-0.710705	-0.109295	-0.633206
-0.710705	-0.109295	-0.633206
-0.809575	-0.0380505	-0.562446
-0.809575	-0.0380505	-0.562446
-0.904568	0.0288323	-0.464061
-0.904568	0.0288323	-0.464061
-0.878881	0.194585	-0.476177
-0.878881	0.194585	-0.476177
-0.845924	0.143212	-0.498956
-0.845924	0.143212	-0.498956
-0.87355	0.157267	-0.467938
-0.783403	0.221242	-0.482478
-0.783403	0.221242	-0.482478
-0.917169	0.254683	-0.449036
-0.917169	0.254683	-0.449036
-0.830415	0.161144	-0.462607
-0.830415	0.161144	-0.462607
-0.942371	0.084568	-0.44419
-0.942371	0.084568	-0.44419
-0.872581	0.123825	-0.430619
-0.872581	0.123825	-0.430619
-0.92347	0.272615	-0.251296
-0.849802	0.344829	-0.273105
-0.849802	0.344829	-0.273105
-0.729122	0.365185	-0.431104
-0.729122	0.365185	-0.431104
-0.636552	0.432552	-0.397178
-0.932193	0.585704	-0.213977
-0.932193	0.585704	-0.213977
-0.692288	0.757758	-0.282799
-0.692288	0.757758	-0.282799
-0.560945	0.827549	-0.234817
-0.560945	0.827549	-0.234817
-0.559491	0.913333	-0.277952
-0.559491	0.913333	-0.277952
-0.446566	0.965191	-0.261958
-0.219746	0.822702	-0.304608
-0.219746	0.822702	-0.304608

-0.868703	-0.195564	-0.448067
-0.868703	-0.195564	-0.448067
-0.847863	-0.196534	-0.445159
-0.829446	-0.233852	-0.456306
-0.829446	-0.233852	-0.456306
-0.806182	-0.260024	-0.569716
-0.806182	-0.260024	-0.569716
-0.864826	-0.298797	-0.453883
-0.864826	-0.298797	-0.453883
-0.805698	-0.213497	-0.538698
-0.805698	-0.213497	-0.538698
-0.814906	-0.261962	-0.546452
-0.814906	-0.261962	-0.546452
-0.864826	-0.213981	-0.48684
-0.864826	-0.213981	-0.48684
-0.945764	0.00120679	-0.483447
-0.945764	0.00120679	-0.483447
-0.80909	0.0113846	-0.399116
-0.80909	0.0113846	-0.399116
-0.90893	0.061789	-0.368583
-0.90893	0.061789	-0.368583
-0.860949	0.0419181	-0.398147
-0.860949	0.0419181	-0.398147
-0.924924	0.0729362	-0.387485
-0.924924	0.0729362	-0.387485
-0.941402	0.0898992	-0.426742
-0.941402	0.0898992	-0.426742
-0.890513	0.167929	-0.502349
-0.890513	0.167929	-0.502349
-1.04221	0.105893	-0.359859
-1.04221	0.105893	-0.359859
-1.00683	0.254683	-0.320117
-1.00683	0.254683	-0.320117
-0.904568	0.183438	-0.541121
-0.904568	0.183438	-0.541121
-0.893905	0.153389	-0.469392
-0.893905	0.153389	-0.469392
-0.797943	0.149027	-0.505257
-0.797943	0.149027	-0.505257
-0.845924	0.443699	-0.468423
-0.82363	0.470356	-0.275529
-0.977267	0.47084	-0.33805
-0.977267	0.47084	-0.33805
-0.749477	0.259045	-0.497017
-0.749477	0.259045	-0.497017
-0.742207	0.405896	-0.373914
-0.742207	0.405896	-0.373914
-0.811998	0.541116	-0.258081
-0.811998	0.541116	-0.258081
-0.866765	0.842573	-0.105414
-0.553676	0.85469	-0.0753649
-0.553676	0.85469	-0.0753649

-0.871611	-0.048713	-0.484416
-0.871611	-0.048713	-0.484416
-0.882758	-0.107841	-0.480054
-0.882758	-0.107841	-0.480054
-0.843016	-0.126743	-0.488778
-0.843016	-0.126743	-0.488778
-0.855617	-0.156792	-0.46503
-0.855617	-0.156792	-0.46503
-0.897298	-0.120927	-0.613335
-0.897298	-0.120927	-0.613335
-0.72379	-0.231914	-0.502349
-0.72379	-0.231914	-0.502349
-0.878396	-0.163577	-0.481508
-0.878396	-0.163577	-0.481508
-0.783403	-0.120442	-0.575047
-0.783403	-0.120442	-0.575047
-0.87985	-0.085547	-0.418018
-0.87985	-0.085547	-0.418018
-0.838654	0.118979	-0.378276
-0.838654	0.118979	-0.378276
-0.924439	0.190708	-0.376338
-0.924439	0.190708	-0.376338
-0.849802	0.247413	-0.404932
-0.849802	0.247413	-0.404932
-0.903114	0.238689	-0.391362
-0.903114	0.238689	-0.391362
-0.88809	0.242082	-0.560992
-0.88809	0.242082	-0.560992
-0.904083	0.298787	-0.402024
-0.904083	0.298787	-0.402024
-0.834777	0.222695	-0.471331
-0.834777	0.222695	-0.471331
-0.921046	0.221242	-0.448552
-0.921046	0.221242	-0.448552
-0.907476	0.25856	-0.444674
-0.877912	0.181984	-0.397178
-0.798912	0.282793	-0.41608
-0.798912	0.282793	-0.41608
-0.79552	0.351615	-0.418018
-0.899721	0.47084	-0.35889
-0.831869	0.458724	-0.250811
-0.831869	0.458724	-0.250811
-0.703435	0.422859	-0.414625
-0.703435	0.422859	-0.414625
-0.786796	0.432552	-0.304123
-0.786796	0.432552	-0.304123
-0.739784	0.571649	-0.280375
-0.739784	0.571649	-0.280375
-0.602626	0.79653	-0.255173
-0.524596	0.844512	-0.206707
-0.524596	0.844512	-0.206707
-0.524596	0.844512	-0.206707
-0.298261	0.980701	-0.310909
-0.298261	0.980701	-0.310909
-0.316193	0.849843	-0.244511
-0.316193	0.849843	-0.244511
-0.141716	0.925934	-0.382153
-0.141716	0.925934	-0.382153

-0.839139	-0.0690686	-0.49314
-0.839139	-0.0690686	-0.49314
-0.839139	-0.0690686	-0.49314
-0.875004	-0.048713	-0.471815
-0.875004	-0.048713	-0.471815
-0.907476	-0.0632527	-0.483447
-0.907476	-0.0632527	-0.483447
-0.930255	-0.085547	-0.471815
-0.930255	-0.085547	-0.471815
-0.834292	-0.270202	-0.454367
-0.834292	-0.270202	-0.454367
-0.982113	-0.129651	-0.508164
-0.982113	-0.129651	-0.508164
-0.849802	0.0593657	-0.59201
-0.849802	0.0593657	-0.59201
-0.856587	0.0283476	-0.417533
-0.856587	0.0283476	-0.417533
-0.877427	0.134488	-0.434012
-0.877427	0.134488	-0.434012
-0.814421	0.179561	-0.312847
-0.814421	0.179561	-0.312847
-0.814421	0.179561	-0.312847
-0.809575	0.113163	-0.386515
-0.809575	0.113163	-0.386515
-0.81636	0.228996	-0.387
-0.81636	0.228996	-0.387
-0.859495	0.239659	-0.513011
-0.859495	0.239659	-0.513011
-0.947218	0.328836	-0.445159
-0.947218	0.328836	-0.445159
-0.949641	0.39378	-0.539667
-0.949641	0.39378	-0.539667
-1.3112	0.236751	-0.0777882
-1.3112	0.236751	-0.0777882
-0.878881	0.256137	-0.465515
-0.878881	0.256137	-0.465515
-0.878881	0.256137	-0.465515
-0.936071	0.195555	-0.406871
-0.936071	0.195555	-0.406871
-0.806667	0.296848	-0.355013
-0.806667	0.296848	-0.355013
-1.01846	0.223665	-0.28813
-1.01846	0.223665	-0.28813
-1.04851	0.29491	-0.264382
-1.04851	0.29491	-0.264382
-0.917654	0.37197	-0.377791
-0.917654	0.37197	-0.377791
-1.08341	0.447092	-0.226094
-1.08341	0.447092	-0.226094
-1.08341	0.447092	-0.226094
-0.707312	0.704445	-0.394755
-0.707312	0.704445	-0.394755
-0.681141	0.652102	-0.217854
-0.681141	0.652102	-0.217854
-0.633644	0.797015	-0.205738
-0.633644	0.797015	-0.205738
-0.334125	0.731586	-0.0869967
-0.334125	0.731586	-0.0869967
-0.407793	0.742249	0.00993486
-0.407793	0.742249	0.00993486
-0.330248	0.896855	-0.154849
-0.330248	0.896855	-0.154849
-0.448989	0.971007	0.0113888
-0.448989	0.971007	0.0113888
-0.0922812	0.937081	-0.270197

-0.874034	0.156297	-0.459699
-0.874034	0.156297	-0.459699
-0.874034	0.156297	-0.459699
-0.905537	0.144181	-0.425773
-0.905537	0.144181	-0.425773
-0.839624	-0.0807004	-0.447098
-0.839624	-0.0807004	-0.447098
-0.839624	-0.0807004	-0.447098
-0.932193	0.0530652	-0.460668
-0.932193	0.0530652	-0.460668
-0.698588	0.106378	-0.481024
-0.698588	0.106378	-0.481024
-0.698588	0.106378	-0.481024
-0.686956	0.205248	-0.383607
-0.686956	0.205248	-0.383607
-0.750447	0.425283	-0.350651
-0.750447	0.425283	-0.350651
-0.750447	0.425283	-0.350651
-0.981144	0.539662	-0.322056
-0.981144	0.539662	-0.322056
-0.916684	0.581342	-0.475208
-0.916684	0.581342	-0.475208
-0.916684	0.581342	-0.475208
-0.779042	0.29491	-0.403963
-0.779042	0.29491	-0.403963
-0.688895	0.420436	-0.504287
-0.688895	0.420436	-0.504287
-0.688895	0.420436	-0.504287
-0.728637	0.491681	-0.53579
-0.728637	0.491681	-0.53579
-0.90166	0.887646	-0.248872
-0.90166	0.887646	-0.248872
-0.90166	0.887646	-0.248872
-0.733484	0.985547	-0.227548
-0.733484	0.985547	-0.227548
-0.685018	0.870198	-0.125769
-0.685018	0.870198	-0.125769
-0.379683	0.687967	-0.0700337
-0.379683	0.687967	-0.0700337
-0.379683	0.687967	-0.0700337
-0.43445	0.919149	-0.0947513
-0.43445	0.919149	-0.0947513
-0.291476	0.937566	-0.165511
-0.291476	0.937566	-0.165511
-0.291476	0.937566	-0.165511
-0.17855	0.844027	-0.199437
-0.17855	0.844027	-0.199437

-0.877912	-0.142252	-0.516888
-0.895844	-0.127228	-0.50041
-0.840108	-0.0365965	-0.509618
-0.840108	-0.0365965	-0.509618
-0.840108	-0.0365965	-0.509618
-0.712643	0.029317	-0.468907
-0.712643	0.029317	-0.468907
-0.650607	0.0520959	-0.432558
-0.650607	0.0520959	-0.432558
-0.681625	0.123341	-0.283768
-0.681625	0.123341	-0.283768
-0.681625	0.123341	-0.283768
-0.843501	0.39281	-0.396693
-0.843501	0.39281	-0.396693
-0.951095	0.516883	-0.380215
-0.951095	0.516883	-0.380215
-0.991322	0.537723	-0.510588
-0.991322	0.537723	-0.510588
-0.834292	0.452423	-0.553722
-0.834292	0.452423	-0.553722
-0.834292	0.452423	-0.553722
-1.21184	0.683605	-0.890075
-1.21184	0.683605	-0.890075
-0.600203	0.359369	-0.516888
-0.983083	0.518337	-0.458245
-0.882758	0.509128	-0.281829
-0.882758	0.509128	-0.281829
-0.882758	0.509128	-0.281829
-0.915715	0.7122	-0.352105
-0.915715	0.7122	-0.352105
-0.698104	0.79023	-0.244511
-0.698104	0.79023	-0.244511
-0.665147	0.72577	-0.293946
-0.665147	0.72577	-0.293946
-0.665147	0.72577	-0.293946
-0.534774	0.83288	-0.237725
-0.534774	0.83288	-0.237725
-0.635098	0.781991	0.0666398
-0.635098	0.781991	0.0666398
-0.146563	0.79023	-0.164057
-0.146563	0.79023	-0.164057
-0.352058	0.988455	0.0448302
-0.352058	0.988455	0.0448302
-0.352058	0.988455	0.0448302
-0.295353	0.871652	-0.0942666
-0.295353	0.871652	-0.0942666

-0.853679	-0.0453204	-0.481508
-0.863857	-0.0962095	-0.468423
-0.730576	0.000722134	-0.594434
-0.730576	0.000722134	-0.594434
-0.730576	0.000722134	-0.594434
-0.717005	0.0172005	-0.413172
-0.717005	0.0172005	-0.413172
-0.647699	0.209125	-0.397178
-0.647699	0.209125	-0.397178
-0.647699	0.209125	-0.397178
-0.590994	0.378271	-0.347743
-0.590994	0.378271	-0.347743
-0.877912	0.696691	-0.463576
-0.877912	0.696691	-0.463576
-0.865311	0.600729	-0.450975
-0.865311	0.600729	-0.450975
-0.865311	0.600729	-0.450975
-0.843986	0.553717	-0.453398
-0.843986	0.553717	-0.453398
-0.892451	0.71947	-1.0442
-0.892451	0.71947	-1.0442
-0.892451	0.71947	-1.0442
-0.865311	0.510582	-0.481508
-0.865311	0.510582	-0.481508
-0.787765	0.544024	-0.361798
-0.787765	0.544024	-0.361798
-0.787765	0.544024	-0.361798
-0.811998	0.806708	-0.393301
-0.811998	0.806708	-0.393301
-0.544952	0.831911	-0.382638
-0.544952	0.831911	-0.382638
-0.544952	0.831911	-0.382638
-0.659331	0.890554	-0.131585
-0.659331	0.890554	-0.131585
-0.659331	0.890554	-0.131585
-0.446081	0.810586	-0.0855428
-0.446081	0.810586	-0.0855428
-0.388407	0.745641	-0.0249605
-0.388407	0.745641	-0.0249605
-0.388407	0.745641	-0.0249605
-0.272574	0.871168	-0.157272
-0.272574	0.871168	-0.157272
-0.272574	0.871168	-0.157272
-0.20036	0.793138	-0.177628
-0.20036	0.793138	-0.177628